0 1.0 0.06088147600388233 -1.2410450607893442 0.00025879917184265007 0.00013990362194932378
0 1.0 0.06933747185866497 -1.8658153056907145 0.00025879917184265007 0.00013990362194932378
0 1.0 0.10352382041444015 -3.9665002901201922 0.00025879917184265007 0.00013990362194932378
0 1.0 0.028454037464264517 0.03789145608411911 0.00025879917184265007 0.00013990362194932378
0 1.0 0.028695230014267787 0.03086763438338576 0.00025879917184265007 0.00013990362194932378
0 1.0 0.028750862209879543 0.029247556886000628 0.00025879917184265007 0.00013990362194932378
0 1.0 0.025404238724224173 0.1180976166397809 0.00025879917184265007 0.00013990362194932378
0 1.0 0.022360328512180314 0.19488086811356115 0.00025879917184265007 0.00013990362194932378
0 1.0 0.02044019433623492 0.24585505424931417 0.00025879917184265007 0.00013990362194932378
0 1.0 0.07936499219825931 -2.2918032948912668 0.00025879917184265007 0.00013990362194932378
0 1.0 -0.13711061384450612 10.01448751793784 0.00025879917184265007 0.00013990362194932378
0 1.0 0.013567803222931671 1.4468621210159525 0.00025879917184265007 0.00013990362194932378
0 1.0 0.02490101727989693 0.8018159976576353 0.00025879917184265007 0.00013990362194932378
0 1.0 0.02497389327039354 0.8572541783195393 0.00025879917184265007 0.00013990362194932378
0 1.0 0.024917208151077605 0.748364444372912 0.00025879917184265007 0.00013990362194932378
0 1.0 -0.08729665509012967 6.22559850159309 0.00025879917184265007 0.00013990362194932378
0 1.0 0.10137561165137339 -3.059478424112805 0.00025879917184265007 0.00013990362194932378
0 1.0 0.012462690946543746 1.4069051750286372 0.00025879917184265007 0.00013990362194932378
0 1.0 0.06658275748840074 -1.341032326420843 0.00025879917184265007 0.00013990362194932378
0 1.0 0.020225980324437846 0.2598135921259594 0.00025879917184265007 0.00013990362194932378
0 1.0 0.0020691715001714002 0.7392035570609841 0.00025879917184265007 0.00013990362194932378
0 1.0 -0.19360676463353188 6.0000215084662285 0.00025879917184265007 0.00013990362194932378
0 1.0 0.010341936713760033 0.589106458815381 0.00025879917184265007 0.00013990362194932378
0 1.0 0.01863941160722006 0.33581567065948786 0.00025879917184265007 0.00013990362194932378
0 1.0 0.06046361029580375 -1.1216440723084877 0.00025879917184265007 0.00013990362194932378
0 1.0 0.0388246586620054 -0.24290423879227155 0.00025879917184265007 0.00013990362194932378
