0 1.0 0.11196771175529344 -4.145215582272528 0.00025879917184265007 0.00013990362194932378
0 1.0 0.10517872583773585 -4.424166945291111 0.00025879917184265007 0.00013990362194932378
0 1.0 0.028719519434723666 0.030160296787370196 0.00025879917184265007 0.00013990362194932378
0 1.0 0.02172858185983275 0.21165197288885518 0.00025879917184265007 0.00013990362194932378
0 1.0 0.019852769474592333 1.0891442577783828 0.00025879917184265007 0.00013990362194932378
0 1.0 0.024248894394663083 0.8389325064396077 0.00025879917184265007 0.00013990362194932378
0 1.0 0.025550521020387764 0.8217992198210646 0.00025879917184265007 0.00013990362194932378
0 1.0 0.4521008677314245 -20.319625019758753 0.00025879917184265007 0.00013990362194932378
0 1.0 0.07241680972094892 -1.6318992622253188 0.00025879917184265007 0.00013990362194932378
0 1.0 -0.06148584802528457 2.447903125478892 0.00025879917184265007 0.00013990362194932378
0 1.0 0.26676364666586116 -6.3772026505881945 0.00025879917184265007 0.00013990362194932378
0 1.0 0.019604788574194155 0.3063463325810866 0.00025879917184265007 0.00013990362194932378
0 1.0 0.061168280248587975 -1.0688453941155238 0.00025879917184265007 0.00013990362194932378
