0 1.0 0.05921998562341132 -1.1458037547685258 0.00025879917184265007 0.00013990362194932378
0 1.0 0.05857298258371045 -1.204358263911119 0.00025879917184265007 0.00013990362194932378
0 1.0 0.11578479113885473 -4.719913221989347 0.00025879917184265007 0.00013990362194932378
0 1.0 0.09443109600387671 -3.706781918395302 0.00025879917184265007 0.00013990362194932378
0 1.0 0.028633263376193083 0.02835175721294946 0.00025879917184265007 0.00013990362194932378
0 1.0 0.028039576147446874 0.044117225728248166 0.00025879917184265007 0.00013990362194932378
0 1.0 0.027824530837279687 0.04982219072719481 0.00025879917184265007 0.00013990362194932378
0 1.0 0.02569095824945308 0.11025074224443357 0.00025879917184265007 0.00013990362194932378
0 1.0 0.025020509435288173 0.12859976341856108 0.00025879917184265007 0.00013990362194932378
0 1.0 0.022872154700930236 0.18739482470000293 0.00025879917184265007 0.00013990362194932378
0 1.0 0.019476229786816103 0.27147909810850396 0.00025879917184265007 0.00013990362194932378
0 1.0 0.05421838874658106 -0.8543763015276826 0.00025879917184265007 0.00013990362194932378
0 1.0 -0.018531362622851218 1.4229110969591483 0.00025879917184265007 0.00013990362194932378
0 1.0 -0.00040060107598692535 0.8871510542748122 0.00025879917184265007 0.00013990362194932378
0 1.0 0.024391828070252728 0.15618818330637185 0.00025879917184265007 0.00013990362194932378
0 1.0 0.02564825736171554 0.11959866387434742 0.00025879917184265007 0.00013990362194932378
0 1.0 0.025885531414801998 0.1126888360933352 0.00025879917184265007 0.00013990362194932378
0 1.0 0.02609982970550766 0.10644810195793426 0.00025879917184265007 0.00013990362194932378
0 1.0 0.026471778716761013 0.09561638276171011 0.00025879917184265007 0.00013990362194932378
0 1.0 0.02663498581859211 0.09086357497911693 0.00025879917184265007 0.00013990362194932378
0 1.0 0.02694454152750655 0.081848901193675 0.00025879917184265007 0.00013990362194932378
0 1.0 0.02712157853363396 0.07669334821167201 0.00025879917184265007 0.00013990362194932378
0 1.0 0.027542996556765332 0.06442005652531398 0.00025879917184265007 0.00013990362194932378
0 1.0 0.027785773248005484 0.05735163166629219 0.00025879917184265007 0.00013990362194932378
0 1.0 0.007547380382717353 0.6522899385647493 0.00025879917184265007 0.00013990362194932378
0 1.0 0.02818092904701145 0.04584579746152051 0.00025879917184265007 0.00013990362194932378
0 1.0 0.028473356529513882 0.037328861303581734 0.00025879917184265007 0.00013990362194932378
0 1.0 0.0286237664020095 0.03294874207342746 0.00025879917184265007 0.00013990362194932378
0 1.0 0.028730879427398572 0.02982947992312984 0.00025879917184265007 0.00013990362194932378
0 1.0 0.02875975361255095 0.028988628378331 0.00025879917184265007 0.00013990362194932378
0 1.0 0.012232049845930104 0.5138589793860388 0.00025879917184265007 0.00013990362194932378
0 1.0 0.015309552152119819 0.42291945857972735 0.00025879917184265007 0.00013990362194932378
0 1.0 0.01749119388734505 0.35845242192685384 0.00025879917184265007 0.00013990362194932378
0 1.0 0.02133812437693726 0.2451157934436181 0.00025879917184265007 0.00013990362194932378
0 1.0 0.02217733676852146 0.22067689567350743 0.00025879917184265007 0.00013990362194932378
0 1.0 0.022872997361839276 0.2004184029566695 0.00025879917184265007 0.00013990362194932378
0 1.0 0.023459046962174677 0.18335191726789857 0.00025879917184265007 0.00013990362194932378
0 1.0 0.02395949899775119 0.16877813802089447 0.00025879917184265007 0.00013990362194932378
0 1.0 0.024769061548930264 0.14520268009727283 0.00025879917184265007 0.00013990362194932378
0 1.0 0.02801290171053257 0.04670175387551963 0.00025879917184265007 0.00013990362194932378
0 1.0 0.027609105743056393 0.05775365290068378 0.00025879917184265007 0.00013990362194932378
0 1.0 0.02636078924850252 0.09191909137328481 0.00025879917184265007 0.00013990362194932378
0 1.0 0.02712222870777805 0.07107995539693204 0.00025879917184265007 0.00013990362194932378
0 1.0 0.026833265096157775 0.07898864315730111 0.00025879917184265007 0.00013990362194932378
0 1.0 0.026020490133116844 0.0977214972595468 0.00025879917184265007 0.00013990362194932378
0 1.0 0.023771871482575094 0.15740835446690907 0.00025879917184265007 0.00013990362194932378
0 1.0 0.02629433599412494 0.10078375074782889 0.00025879917184265007 0.00013990362194932378
0 1.0 0.026785907822268487 0.08646852558733224 0.00025879917184265007 0.00013990362194932378
0 1.0 0.027328068578622286 0.07067968998608871 0.00025879917184265007 0.00013990362194932378
0 1.0 0.02830490955869868 0.042234242871206834 0.00025879917184265007 0.00013990362194932378
0 1.0 0.028678615013846286 0.02988853938036101 0.00025879917184265007 0.00013990362194932378
0 1.0 0.028689431907706377 0.028191211049873773 0.00025879917184265007 0.00013990362194932378
0 1.0 0.02825775099454926 0.04000495936075679 0.00025879917184265007 0.00013990362194932378
0 1.0 0.028184696246085737 0.04200423795973628 0.00025879917184265007 0.00013990362194932378
0 1.0 -0.04294783781354628 4.66146892373593 0.00025879917184265007 0.00013990362194932378
0 1.0 0.008318350763102585 1.8813491310365313 0.00025879917184265007 0.00013990362194932378
0 1.0 0.01668800282927217 1.3667265401957112 0.00025879917184265007 0.00013990362194932378
0 1.0 0.024126471489795617 0.9093593780122438 0.00025879917184265007 0.00013990362194932378
0 1.0 0.05615116581825629 -0.8874084222553099 0.00025879917184265007 0.00013990362194932378
0 1.0 0.0517729526340361 -0.7103514578389643 0.00025879917184265007 0.00013990362194932378
0 1.0 0.0698533781233714 -1.7510832985613074 0.00025879917184265007 0.00013990362194932378
0 1.0 0.3343774401028353 -16.788851725304994 0.00025879917184265007 0.00013990362194932378
0 1.0 0.003568614655025386 2.0159802714397204 0.00025879917184265007 0.00013990362194932378
0 1.0 0.020025847327876427 1.0792932836646911 0.00025879917184265007 0.00013990362194932378
0 1.0 0.09166710079107429 -2.991158426500318 0.00025879917184265007 0.00013990362194932378
0 1.0 0.02329404939499055 0.8932788782941429 0.00025879917184265007 0.00013990362194932378
0 1.0 0.028825505238619355 0.5784677520685247 0.00025879917184265007 0.00013990362194932378
0 1.0 0.03346744239183664 0.29617767050113586 0.00025879917184265007 0.00013990362194932378
0 1.0 0.032568636156442864 0.34371306183235995 0.00025879917184265007 0.00013990362194932378
0 1.0 0.032114721269435445 0.3677224906884725 0.00025879917184265007 0.00013990362194932378
0 1.0 -0.04028160176474006 4.192593294437937 0.00025879917184265007 0.00013990362194932378
0 1.0 0.11590921842562317 -4.05357376416391 0.00025879917184265007 0.00013990362194932378
0 1.0 0.10803875453387848 -3.3873898617582494 0.00025879917184265007 0.00013990362194932378
0 1.0 0.02975704346353458 0.5254462841649785 0.00025879917184265007 0.00013990362194932378
0 1.0 0.030516477242036367 0.4822206895143984 0.00025879917184265007 0.00013990362194932378
0 1.0 0.03300561752162502 0.340543334885544 0.00025879917184265007 0.00013990362194932378
0 1.0 0.033402378357412596 0.31798052683217404 0.00025879917184265007 0.00013990362194932378
0 1.0 0.03481369311849327 0.23770073306893225 0.00025879917184265007 0.00013990362194932378
0 1.0 0.035191220894091414 0.20502269013736252 0.00025879917184265007 0.00013990362194932378
0 1.0 0.034723596184386425 0.22975126369802387 0.00025879917184265007 0.00013990362194932378
0 1.0 0.0343076572225196 0.25174663092692084 0.00025879917184265007 0.00013990362194932378
0 1.0 0.02677740773737781 0.6950185451061461 0.00025879917184265007 0.00013990362194932378
0 1.0 0.03114882023564614 0.44622887206346395 0.00025879917184265007 0.00013990362194932378
0 1.0 0.03261465437124422 0.3627962490171935 0.00025879917184265007 0.00013990362194932378
0 1.0 0.03407121938014682 0.2799588245406185 0.00025879917184265007 0.00013990362194932378
0 1.0 0.03530681532850677 0.19890991334153016 0.00025879917184265007 0.00013990362194932378
0 1.0 0.03504426945077007 0.21279366438359051 0.00025879917184265007 0.00013990362194932378
0 1.0 0.033797356163418626 0.27873185613303186 0.00025879917184265007 0.00013990362194932378
0 1.0 0.03303019972492932 0.31929906269430386 0.00025879917184265007 0.00013990362194932378
0 1.0 0.029437437130211245 0.50933508130451 0.00025879917184265007 0.00013990362194932378
0 1.0 0.061168280248587975 -1.0688453941155238 0.00025879917184265007 0.00013990362194932378
0 1.0 0.02838520517663667 0.036516939431087095 0.00025879917184265007 0.00013990362194932378
0 1.0 0.028313435874720745 0.038481039402711206 0.00025879917184265007 0.00013990362194932378
0 1.0 0.027908736319607837 0.04955249822589678 0.00025879917184265007 0.00013990362194932378
0 1.0 0.02778483570550072 0.05294376794305478 0.00025879917184265007 0.00013990362194932378
0 1.0 0.02739139833565442 0.06371249776391465 0.00025879917184265007 0.00013990362194932378
0 1.0 0.023898338778951974 0.15931089087362255 0.00025879917184265007 0.00013990362194932378
0 1.0 0.021824315433094432 0.21607140357980137 0.00025879917184265007 0.00013990362194932378
0 1.0 0.020408755404329747 0.2548115234340623 0.00025879917184265007 0.00013990362194932378
0 1.0 0.022204793343047924 0.1990098913669011 0.00025879917184265007 0.00013990362194932378
0 1.0 0.018037868772309645 0.3201864878133269 0.00025879917184265007 0.00013990362194932378
0 1.0 0.02655304229823261 0.08987894612407424 0.00025879917184265007 0.00013990362194932378
0 1.0 0.005128461895298979 0.6781962573525467 0.00025879917184265007 0.00013990362194932378
0 1.0 -0.1822489694107306 5.694663097119872 0.00025879917184265007 0.00013990362194932378
0 1.0 0.027657903964675164 0.05869539027269748 0.00025879917184265007 0.00013990362194932378
0 1.0 0.028471372971442612 0.0357380298782206 0.00025879917184265007 0.00013990362194932378
0 1.0 0.028644141953501418 0.02943065459180785 0.00025879917184265007 0.00013990362194932378
0 1.0 0.02859835116315749 0.030683804442986757 0.00025879917184265007 0.00013990362194932378
0 1.0 0.02854901568582865 0.0320339612235996 0.00025879917184265007 0.00013990362194932378
0 1.0 0.028498528418713268 0.03341563886656821 0.00025879917184265007 0.00013990362194932378
0 1.0 0.028441269245616622 0.03498264226846953 0.00025879917184265007 0.00013990362194932378
0 1.0 -0.444571131500914 14.475896243660594 0.00025879917184265007 0.00013990362194932378
0 1.0 -0.041974970035728275 2.186145403145402 0.00025879917184265007 0.00013990362194932378
0 1.0 -0.008854091414401435 1.1750892013334724 0.00025879917184265007 0.00013990362194932378
0 1.0 0.0034314022800377964 0.8000591565663019 0.00025879917184265007 0.00013990362194932378
0 1.0 0.009837715019926592 0.6044984560044333 0.00025879917184265007 0.00013990362194932378
0 1.0 0.013770181509261747 0.48445500311427564 0.00025879917184265007 0.00013990362194932378
0 1.0 0.016429877618446064 0.40326445630328883 0.00025879917184265007 0.00013990362194932378
0 1.0 0.01834863042339134 0.3446921296037549 0.00025879917184265007 0.00013990362194932378
0 1.0 0.03215567154140338 0.38892072005852235 0.00025879917184265007 0.00013990362194932378
0 1.0 0.0316931557109151 0.41524628309523887 0.00025879917184265007 0.00013990362194932378
0 1.0 0.06046510673533269 -1.121725353235735 0.00025879917184265007 0.00013990362194932378
0 1.0 0.035395528719559206 0.2045854041603494 0.00025879917184265007 0.00013990362194932378
0 1.0 0.03489158435634992 0.2208678411980864 0.00025879917184265007 0.00013990362194932378
0 1.0 0.034507979460654745 0.24115334297880098 0.00025879917184265007 0.00013990362194932378
0 1.0 0.034110700192437275 0.26216196250713875 0.00025879917184265007 0.00013990362194932378
0 1.0 0.06952022358728284 -1.6044451876486654 0.00025879917184265007 0.00013990362194932378
0 1.0 0.03144864516256601 0.40295400073229065 0.00025879917184265007 0.00013990362194932378
0 1.0 0.030675072538110842 0.4438714445604536 0.00025879917184265007 0.00013990362194932378
0 1.0 0.012858469857428277 1.385978106650814 0.00025879917184265007 0.00013990362194932378
0 1.0 0.04064622955310039 -0.29103105853843114 0.00025879917184265007 0.00013990362194932378
0 1.0 0.03961396505250914 -0.26375811089023415 0.00025879917184265007 0.00013990362194932378
0 1.0 0.03876838411348028 -0.24141743689704778 0.00025879917184265007 0.00013990362194932378
0 1.0 0.03806304239810146 -0.2227819537756208 0.00025879917184265007 0.00013990362194932378
0 1.0 0.03746571661894661 -0.20700030605405517 0.00025879917184265007 0.00013990362194932378
