0 1.0 0.0279826303914488 0.04562718666801046 0.00025879917184265007 0.00013990362194932378
0 1.0 0.027455770598147917 0.0619505718364899 0.00025879917184265007 0.00013990362194932378
0 1.0 0.10517872583773585 -4.424166945291111 0.00025879917184265007 0.00013990362194932378
0 1.0 0.017801928501282198 0.3267296948607388 0.00025879917184265007 0.00013990362194932378
0 1.0 0.0026196038490067432 0.7477730938034357 0.00025879917184265007 0.00013990362194932378
0 1.0 0.08524053950524146 -1.5501877216809654 0.00025879917184265007 0.00013990362194932378
0 1.0 0.051718181149266115 -0.7025838640639092 0.00025879917184265007 0.00013990362194932378
0 1.0 0.055246318617470744 -0.9149166027927019 0.00025879917184265007 0.00013990362194932378
0 1.0 0.06647072817931289 -1.5587850775721073 0.00025879917184265007 0.00013990362194932378
0 1.0 0.08177814103550507 -2.6302703598303983 0.00025879917184265007 0.00013990362194932378
0 1.0 0.16036817612900117 -7.459475981991066 0.00025879917184265007 0.00013990362194932378
0 1.0 -0.018531362622851218 1.4229110969591483 0.00025879917184265007 0.00013990362194932378
0 1.0 -0.00040060107598692535 0.8871510542748122 0.00025879917184265007 0.00013990362194932378
0 1.0 0.02756067996952859 0.06390517408295278 0.00025879917184265007 0.00013990362194932378
0 1.0 0.027961973900353897 0.05222158754937228 0.00025879917184265007 0.00013990362194932378
0 1.0 0.028349880826252845 0.040924624622417104 0.00025879917184265007 0.00013990362194932378
0 1.0 0.02854005438129653 0.035386538380519084 0.00025879917184265007 0.00013990362194932378
0 1.0 0.028696847777481976 0.030820523142303734 0.00025879917184265007 0.00013990362194932378
0 1.0 0.028752329637026276 0.029204823614855584 0.00025879917184265007 0.00013990362194932378
0 1.0 0.007547380382717353 0.6522899385647493 0.00025879917184265007 0.00013990362194932378
0 1.0 0.012232049845930104 0.5138589793860388 0.00025879917184265007 0.00013990362194932378
0 1.0 0.015309552152119819 0.42291945857972735 0.00025879917184265007 0.00013990362194932378
0 1.0 0.020760436253028775 0.262037453497941 0.00025879917184265007 0.00013990362194932378
0 1.0 0.0229922397278164 0.19694591849242085 0.00025879917184265007 0.00013990362194932378
0 1.0 0.02446698804934704 0.15399943220604262 0.00025879917184265007 0.00013990362194932378
0 1.0 0.026278379471614245 0.101248426232384 0.00025879917184265007 0.00013990362194932378
0 1.0 0.0268192443255354 0.085497722292661 0.00025879917184265007 0.00013990362194932378
0 1.0 0.0273753648763214 0.0693022169823128 0.00025879917184265007 0.00013990362194932378
0 1.0 0.027600306648066515 0.06032131422456785 0.00025879917184265007 0.00013990362194932378
0 1.0 0.028652045268442037 0.03063848119462853 0.00025879917184265007 0.00013990362194932378
0 1.0 0.028726773758021403 0.028130063726133896 0.00025879917184265007 0.00013990362194932378
0 1.0 0.02861810610998204 0.030143173707258095 0.00025879917184265007 0.00013990362194932378
0 1.0 0.02851278173695284 0.033025570394358564 0.00025879917184265007 0.00013990362194932378
0 1.0 0.02840384782846623 0.03600674870953964 0.00025879917184265007 0.00013990362194932378
0 1.0 0.028339638382947323 0.03776395919863451 0.00025879917184265007 0.00013990362194932378
0 1.0 0.02577656086644964 0.1079079893993013 0.00025879917184265007 0.00013990362194932378
0 1.0 0.024224376716957093 0.1503880980999552 0.00025879917184265007 0.00013990362194932378
0 1.0 0.06877764162112508 -1.5652402270743013 0.00025879917184265007 0.00013990362194932378
0 1.0 0.007979549720166476 1.9021809014753628 0.00025879917184265007 0.00013990362194932378
0 1.0 0.01665480690840022 1.3687676490338532 0.00025879917184265007 0.00013990362194932378
0 1.0 0.021369483292549223 1.0788775847151815 0.00025879917184265007 0.00013990362194932378
0 1.0 0.024399762528999402 0.8925556039082916 0.00025879917184265007 0.00013990362194932378
0 1.0 0.06027428671487604 -1.1113607324811892 0.00025879917184265007 0.00013990362194932378
0 1.0 0.15512310751875885 -6.598530577510468 0.00025879917184265007 0.00013990362194932378
0 1.0 -0.22208180701082297 14.844963491342392 0.00025879917184265007 0.00013990362194932378
0 1.0 0.003651843446282805 2.011243185483125 0.00025879917184265007 0.00013990362194932378
0 1.0 0.013904836363125072 1.427679396730299 0.00025879917184265007 0.00013990362194932378
0 1.0 0.019439977565643127 1.1126389009822415 0.00025879917184265007 0.00013990362194932378
0 1.0 0.02290453834448591 0.9154484580682717 0.00025879917184265007 0.00013990362194932378
0 1.0 -0.06528052327031038 6.405049699947628 0.00025879917184265007 0.00013990362194932378
0 1.0 0.025278089721106428 0.7803543791613403 0.00025879917184265007 0.00013990362194932378
0 1.0 0.02975638884072443 0.5254835441092172 0.00025879917184265007 0.00013990362194932378
0 1.0 0.12076060659780387 -4.30970506102995 0.00025879917184265007 0.00013990362194932378
0 1.0 0.030537212717967586 0.48104046379510385 0.00025879917184265007 0.00013990362194932378
0 1.0 0.03146088241270568 0.4284668583722056 0.00025879917184265007 0.00013990362194932378
0 1.0 0.03510817807480818 0.2094140972266619 0.00025879917184265007 0.00013990362194932378
0 1.0 0.034967554802503166 0.21685042995537765 0.00025879917184265007 0.00013990362194932378
0 1.0 0.0346450942480994 0.23390254327294582 0.00025879917184265007 0.00013990362194932378
0 1.0 0.03399587196335175 0.2682342214165805 0.00025879917184265007 0.00013990362194932378
0 1.0 0.032735170177299884 0.33490439121957194 0.00025879917184265007 0.00013990362194932378
0 1.0 0.02774590993465307 0.5987930617896798 0.00025879917184265007 0.00013990362194932378
0 1.0 0.028824767300410056 0.5785097541743263 0.00025879917184265007 0.00013990362194932378
0 1.0 0.034458945257753906 0.257891302478021 0.00025879917184265007 0.00013990362194932378
0 1.0 0.03524826144228936 0.20200631533342378 0.00025879917184265007 0.00013990362194932378
0 1.0 0.03481335616136522 0.22500464499405531 0.00025879917184265007 0.00013990362194932378
0 1.0 0.03421252999205142 0.2567770766399781 0.00025879917184265007 0.00013990362194932378
0 1.0 0.03365845318190123 0.28607703490234576 0.00025879917184265007 0.00013990362194932378
0 1.0 -0.02685582230710846 3.4837730182870255 0.00025879917184265007 0.00013990362194932378
0 1.0 0.08752618870975043 -2.37791054129414 0.00025879917184265007 0.00013990362194932378
0 1.0 0.02786710533644468 0.05278981096532455 0.00025879917184265007 0.00013990362194932378
0 1.0 0.02837081990990295 0.03857618072437586 0.00025879917184265007 0.00013990362194932378
0 1.0 0.02715059900417123 0.07030342984432336 0.00025879917184265007 0.00013990362194932378
0 1.0 0.026711707838089044 0.08231535252992825 0.00025879917184265007 0.00013990362194932378
0 1.0 -0.011563933365834146 1.1057344868706929 0.00025879917184265007 0.00013990362194932378
0 1.0 0.7820803198401044 -20.231676831006123 0.00025879917184265007 0.00013990362194932378
0 1.0 0.028658700344831117 0.029032237229033007 0.00025879917184265007 0.00013990362194932378
0 1.0 0.02856157376271753 0.031690286173088444 0.00025879917184265007 0.00013990362194932378
0 1.0 0.028460465016431274 0.0344573144206866 0.00025879917184265007 0.00013990362194932378
0 1.0 0.028263204091449223 0.03985572525675208 0.00025879917184265007 0.00013990362194932378
0 1.0 0.02818897973358927 0.04188701238474052 0.00025879917184265007 0.00013990362194932378
0 1.0 0.028089757033024205 0.044601171220608166 0.00025879917184265007 0.00013990362194932378
0 1.0 0.027905169918589687 0.049650113785426025 0.00025879917184265007 0.00013990362194932378
0 1.0 0.027717498864668084 0.05478683700942305 0.00025879917184265007 0.00013990362194932378
0 1.0 -0.444571131500914 14.475896243660594 0.00025879917184265007 0.00013990362194932378
0 1.0 -0.041974970035728275 2.186145403145402 0.00025879917184265007 0.00013990362194932378
0 1.0 -0.008854091414401435 1.1750892013334724 0.00025879917184265007 0.00013990362194932378
0 1.0 0.0034314022800377964 0.8000591565663019 0.00025879917184265007 0.00013990362194932378
0 1.0 0.009837715019926592 0.6044984560044333 0.00025879917184265007 0.00013990362194932378
0 1.0 0.013770181509261747 0.48445500311427564 0.00025879917184265007 0.00013990362194932378
0 1.0 0.016429877618446064 0.40326445630328883 0.00025879917184265007 0.00013990362194932378
0 1.0 0.01834863042339134 0.3446921296037549 0.00025879917184265007 0.00013990362194932378
0 1.0 0.03543185954180883 0.20080012461554705 0.00025879917184265007 0.00013990362194932378
0 1.0 0.03525975339353637 0.21231309316851468 0.00025879917184265007 0.00013990362194932378
0 1.0 0.034437498325596096 0.24488047265515395 0.00025879917184265007 0.00013990362194932378
0 1.0 0.033248650284010785 0.30774738000441976 0.00025879917184265007 0.00013990362194932378
0 1.0 0.0314975529347364 0.4003670671241444 0.00025879917184265007 0.00013990362194932378
0 1.0 0.021135576930876775 0.9483206647485173 0.00025879917184265007 0.00013990362194932378
0 1.0 0.06250690587623643 -1.1361383915660905 0.00025879917184265007 0.00013990362194932378
0 1.0 0.04064622955310039 -0.29103105853843114 0.00025879917184265007 0.00013990362194932378
0 1.0 0.03961396505250914 -0.26375811089023415 0.00025879917184265007 0.00013990362194932378
0 1.0 0.03876838411348028 -0.24141743689704778 0.00025879917184265007 0.00013990362194932378
0 1.0 0.03806304239810146 -0.2227819537756208 0.00025879917184265007 0.00013990362194932378
0 1.0 0.03746571661894661 -0.20700030605405517 0.00025879917184265007 0.00013990362194932378
