0 1.0 0.022776700075706195 0.1900071643724149 0.00025879917184265007 0.00013990362194932378
0 1.0 0.15681981225712022 -3.528579925435507 0.00025879917184265007 0.00013990362194932378
0 1.0 0.060192061237982854 -1.201852937691002 0.00025879917184265007 0.00013990362194932378
0 1.0 0.0854158206869807 -2.635783184366876 0.00025879917184265007 0.00013990362194932378
0 1.0 0.22363003288365108 -10.493039347549919 0.00025879917184265007 0.00013990362194932378
0 1.0 0.145451870007287 -6.542897826768777 0.00025879917184265007 0.00013990362194932378
0 1.0 0.10517872583773585 -4.424166945291111 0.00025879917184265007 0.00013990362194932378
0 1.0 -0.018531362622851218 1.4229110969591483 0.00025879917184265007 0.00013990362194932378
0 1.0 -0.00040060107598692535 0.8871510542748122 0.00025879917184265007 0.00013990362194932378
0 1.0 0.02875975361255095 0.028988628378331 0.00025879917184265007 0.00013990362194932378
0 1.0 0.0075476774063302455 0.6522811615818753 0.00025879917184265007 0.00013990362194932378
0 1.0 0.023396595044695507 0.1851705939725405 0.00025879917184265007 0.00013990362194932378
0 1.0 0.026930823062968727 0.08224840111916248 0.00025879917184265007 0.00013990362194932378
0 1.0 0.02787132421867134 0.0548608335454466 0.00025879917184265007 0.00013990362194932378
0 1.0 0.028069917229193973 0.04907884073376008 0.00025879917184265007 0.00013990362194932378
0 1.0 0.028375379587664073 0.040182069540431645 0.00025879917184265007 0.00013990362194932378
0 1.0 0.02860950815250513 0.033363959717098046 0.00025879917184265007 0.00013990362194932378
0 1.0 0.02871569799806363 0.030271581691237785 0.00025879917184265007 0.00013990362194932378
0 1.0 0.028713329296712133 0.028908714700925327 0.00025879917184265007 0.00013990362194932378
0 1.0 0.02868173650403115 0.02840181003490892 0.00025879917184265007 0.00013990362194932378
0 1.0 0.02853851973800345 0.032321202290118374 0.00025879917184265007 0.00013990362194932378
0 1.0 0.028455495967829862 0.03459330164581635 0.00025879917184265007 0.00013990362194932378
0 1.0 0.028152180930925523 0.04289407982636526 0.00025879917184265007 0.00013990362194932378
0 1.0 0.02775764077841984 0.05368811722117863 0.00025879917184265007 0.00013990362194932378
0 1.0 0.02719991579848548 0.06895357609492907 0.00025879917184265007 0.00013990362194932378
0 1.0 0.026536797084317353 0.08400970396981107 0.00025879917184265007 0.00013990362194932378
0 1.0 0.06664884175892995 -1.4527381565851207 0.00025879917184265007 0.00013990362194932378
0 1.0 0.053994966919815535 -0.7775343628190247 0.00025879917184265007 0.00013990362194932378
0 1.0 0.05365097709092392 -0.8209583869913132 0.00025879917184265007 0.00013990362194932378
0 1.0 -0.07112470597375038 6.26329454682012 0.00025879917184265007 0.00013990362194932378
0 1.0 -0.008478282585673408 2.701180836130433 0.00025879917184265007 0.00013990362194932378
0 1.0 0.009427124386817556 1.682534792323676 0.00025879917184265007 0.00013990362194932378
0 1.0 0.01792645497609153 1.1987832086868617 0.00025879917184265007 0.00013990362194932378
0 1.0 0.022496334948135577 0.9386819395002843 0.00025879917184265007 0.00013990362194932378
0 1.0 0.025226385799529398 0.7832971819715572 0.00025879917184265007 0.00013990362194932378
0 1.0 0.02500826913961431 0.8551405183082413 0.00025879917184265007 0.00013990362194932378
0 1.0 0.032008610871084586 0.3972911469531252 0.00025879917184265007 0.00013990362194932378
0 1.0 0.035149119276255573 0.21860986355443085 0.00025879917184265007 0.00013990362194932378
0 1.0 0.035433074335796885 0.20095606663690377 0.00025879917184265007 0.00013990362194932378
0 1.0 0.03525649299579843 0.2015710205933409 0.00025879917184265007 0.00013990362194932378
0 1.0 0.0336456658395834 0.28675322856127966 0.00025879917184265007 0.00013990362194932378
0 1.0 0.03283149181426567 0.3298095429204084 0.00025879917184265007 0.00013990362194932378
0 1.0 0.029579481084790648 0.5018217912152603 0.00025879917184265007 0.00013990362194932378
0 1.0 -0.02002449030418538 3.1231096652153054 0.00025879917184265007 0.00013990362194932378
0 1.0 0.15087139124288043 -5.495300757421504 0.00025879917184265007 0.00013990362194932378
0 1.0 0.03415825972608295 0.27500489996345184 0.00025879917184265007 0.00013990362194932378
0 1.0 0.03509804919477511 0.20994972494219238 0.00025879917184265007 0.00013990362194932378
0 1.0 0.034217545908479495 0.2565118287696418 0.00025879917184265007 0.00013990362194932378
0 1.0 0.03175848468513952 0.38656531160361757 0.00025879917184265007 0.00013990362194932378
0 1.0 0.017662030468278585 1.1319867023700534 0.00025879917184265007 0.00013990362194932378
0 1.0 0.14043351597128823 -5.3483454691203125 0.00025879917184265007 0.00013990362194932378
0 1.0 0.028644395686658528 0.029423710713668224 0.00025879917184265007 0.00013990362194932378
0 1.0 0.02859662787772536 0.030730965342953602 0.00025879917184265007 0.00013990362194932378
0 1.0 -0.09494110104376484 3.347359640807205 0.00025879917184265007 0.00013990362194932378
0 1.0 0.26676364666586116 -6.3772026505881945 0.00025879917184265007 0.00013990362194932378
0 1.0 0.02830333926105714 0.03875735194973041 0.00025879917184265007 0.00013990362194932378
0 1.0 0.027968319098168336 0.047921664722346144 0.00025879917184265007 0.00013990362194932378
0 1.0 0.027504182853460936 0.06062548546330678 0.00025879917184265007 0.00013990362194932378
0 1.0 0.02661775780784775 0.08488652311346985 0.00025879917184265007 0.00013990362194932378
0 1.0 0.026028539894377686 0.10101190128013074 0.00025879917184265007 0.00013990362194932378
0 1.0 0.025248650285491683 0.122355725448824 0.00025879917184265007 0.00013990362194932378
0 1.0 0.02112044032938859 0.23533459646876126 0.00025879917184265007 0.00013990362194932378
0 1.0 0.013084692184927216 0.4575503206702608 0.00025879917184265007 0.00013990362194932378
0 1.0 -0.444571131500914 14.475896243660594 0.00025879917184265007 0.00013990362194932378
0 1.0 -0.041974970035728275 2.186145403145402 0.00025879917184265007 0.00013990362194932378
0 1.0 -0.008854091414401435 1.1750892013334724 0.00025879917184265007 0.00013990362194932378
0 1.0 0.0034314022800377964 0.8000591565663019 0.00025879917184265007 0.00013990362194932378
0 1.0 0.009837715019926592 0.6044984560044333 0.00025879917184265007 0.00013990362194932378
0 1.0 0.013770181509261747 0.48445500311427564 0.00025879917184265007 0.00013990362194932378
0 1.0 0.016429877618446064 0.40326445630328883 0.00025879917184265007 0.00013990362194932378
0 1.0 0.018348696162763384 0.3446901228272855 0.00025879917184265007 0.00013990362194932378
0 1.0 0.03462666662656708 0.23487701871265884 0.00025879917184265007 0.00013990362194932378
0 1.0 0.03489196954522883 0.22084747193331086 0.00025879917184265007 0.00013990362194932378
0 1.0 0.025271812493993046 0.7296145081656465 0.00025879917184265007 0.00013990362194932378
0 1.0 0.07372480549666995 -1.6968921312152745 0.00025879917184265007 0.00013990362194932378
0 1.0 0.061168280248587975 -1.0688453941155238 0.00025879917184265007 0.00013990362194932378
0 1.0 0.04064622955310039 -0.29103105853843114 0.00025879917184265007 0.00013990362194932378
0 1.0 0.03961396505250914 -0.26375811089023415 0.00025879917184265007 0.00013990362194932378
0 1.0 0.03876838411348028 -0.24141743689704778 0.00025879917184265007 0.00013990362194932378
0 1.0 0.03806304239810146 -0.2227819537756208 0.00025879917184265007 0.00013990362194932378
0 1.0 0.03746571661894661 -0.20700030605405517 0.00025879917184265007 0.00013990362194932378
