0 1.0 0.06087723425616443 -1.2408039242385493 0.00025879917184265007 0.00013990362194932378
0 1.0 0.06735364483607034 -1.7439129729139073 0.00025879917184265007 0.00013990362194932378
0 1.0 0.08586629961887791 -2.8814797961364267 0.00025879917184265007 0.00013990362194932378
0 1.0 0.1674583775311774 -7.895155141987645 0.00025879917184265007 0.00013990362194932378
0 1.0 0.09135703862492865 -3.501594098423255 0.00025879917184265007 0.00013990362194932378
0 1.0 0.026467581607814202 0.09573860815412852 0.00025879917184265007 0.00013990362194932378
0 1.0 0.027495796331138637 0.06579473149430452 0.00025879917184265007 0.00013990362194932378
0 1.0 0.027879522471180775 0.05462214318593632 0.00025879917184265007 0.00013990362194932378
0 1.0 0.028399309192664045 0.03948521021004794 0.00025879917184265007 0.00013990362194932378
0 1.0 0.028713494771764665 0.03033574233255967 0.00025879917184265007 0.00013990362194932378
0 1.0 0.02875975361255095 0.028988628378331 0.00025879917184265007 0.00013990362194932378
0 1.0 0.027948869066022796 0.048454029355792884 0.00025879917184265007 0.00013990362194932378
0 1.0 0.027680848310625165 0.05578999518534096 0.00025879917184265007 0.00013990362194932378
0 1.0 0.02669289686444399 0.08283016047580878 0.00025879917184265007 0.00013990362194932378
0 1.0 0.02525473654207646 0.11804395238785802 0.00025879917184265007 0.00013990362194932378
0 1.0 0.023542137648245743 0.16350714453037896 0.00025879917184265007 0.00013990362194932378
0 1.0 0.02098096664270096 0.231499063635643 0.00025879917184265007 0.00013990362194932378
0 1.0 0.06984708049273752 -1.7507252883659379 0.00025879917184265007 0.00013990362194932378
0 1.0 0.09039994226117591 -2.9191224975568586 0.00025879917184265007 0.00013990362194932378
0 1.0 0.18585710625173193 -8.345709084886444 0.00025879917184265007 0.00013990362194932378
0 1.0 0.003651908344855644 2.0112394916878236 0.00025879917184265007 0.00013990362194932378
0 1.0 0.01390574976575138 1.4276274091105259 0.00025879917184265007 0.00013990362194932378
0 1.0 0.024462856716931897 0.8267545341688485 0.00025879917184265007 0.00013990362194932378
0 1.0 0.035078375035152 0.21099011885933894 0.00025879917184265007 0.00013990362194932378
0 1.0 0.033830949238970565 0.27695545693234686 0.00025879917184265007 0.00013990362194932378
0 1.0 0.032099394166977095 0.36853320429707537 0.00025879917184265007 0.00013990362194932378
0 1.0 0.029714686933178476 0.4946701967407999 0.00025879917184265007 0.00013990362194932378
0 1.0 0.1816010469191921 -7.0075909407261445 0.00025879917184265007 0.00013990362194932378
0 1.0 0.03469338007834853 0.23134912879233388 0.00025879917184265007 0.00013990362194932378
0 1.0 0.02295492329985049 0.8521215373585243 0.00025879917184265007 0.00013990362194932378
0 1.0 -0.378153917097646 22.030719461622635 0.00025879917184265007 0.00013990362194932378
0 1.0 0.0670587635277405 -1.3649612521265582 0.00025879917184265007 0.00013990362194932378
0 1.0 0.02743513440112349 0.06251540285488798 0.00025879917184265007 0.00013990362194932378
0 1.0 0.026993842108756032 0.07459403481899496 0.00025879917184265007 0.00013990362194932378
0 1.0 0.025255182587805382 0.12217695089300314 0.00025879917184265007 0.00013990362194932378
0 1.0 0.023358773020575877 0.1740773732014593 0.00025879917184265007 0.00013990362194932378
0 1.0 0.014530109561916676 0.4174653231987263 0.00025879917184265007 0.00013990362194932378
0 1.0 -0.04396624011689553 1.976882162926516 0.00025879917184265007 0.00013990362194932378
0 1.0 0.26676364666586116 -6.3772026505881945 0.00025879917184265007 0.00013990362194932378
0 1.0 -0.444571131500914 14.475896243660594 0.00025879917184265007 0.00013990362194932378
0 1.0 -0.041974970035728275 2.186145403145402 0.00025879917184265007 0.00013990362194932378
0 1.0 -0.008670306863367703 1.1694789482890304 0.00025879917184265007 0.00013990362194932378
0 1.0 0.004678944161900248 0.7619763819183789 0.00025879917184265007 0.00013990362194932378
0 1.0 0.01653611260733829 0.4000215005352078 0.00025879917184265007 0.00013990362194932378
0 1.0 0.019604788574194155 0.3063463325810866 0.00025879917184265007 0.00013990362194932378
0 1.0 0.008592540472563501 1.6115419087556402 0.00025879917184265007 0.00013990362194932378
0 1.0 0.010048640924097017 1.4346086985455282 0.00025879917184265007 0.00013990362194932378
0 1.0 0.04064622955310039 -0.29103105853843114 0.00025879917184265007 0.00013990362194932378
0 1.0 0.03961316468825771 -0.2637369648638839 0.00025879917184265007 0.00013990362194932378
0 1.0 0.03875548373492703 -0.24107660240286208 0.00025879917184265007 0.00013990362194932378
0 1.0 0.03802636958187827 -0.2218130395134386 0.00025879917184265007 0.00013990362194932378
0 1.0 0.03733466079176172 -0.20353774513894324 0.00025879917184265007 0.00013990362194932378
