0 1.0 -0.03189478754589714 1.7049424995551976 0.00025879917184265007 0.00013990362194932378
0 1.0 0.05275618908126704 -0.7682595237643169 0.00025879917184265007 0.00013990362194932378
0 1.0 0.077150141087861 -2.345888716026143 0.00025879917184265007 0.00013990362194932378
0 1.0 0.9487268338889052 -51.713628880672495 0.00025879917184265007 0.00013990362194932378
0 1.0 0.08455272378172107 -3.0474182789859383 0.00025879917184265007 0.00013990362194932378
0 1.0 -0.007275847910947428 1.0903130962134653 0.00025879917184265007 0.00013990362194932378
0 1.0 0.018290708964537043 0.3348269260658032 0.00025879917184265007 0.00013990362194932378
0 1.0 0.022703974330165536 0.2053405616775041 0.00025879917184265007 0.00013990362194932378
0 1.0 0.02663019597200973 0.09100306167950413 0.00025879917184265007 0.00013990362194932378
0 1.0 0.027897067997728172 0.054111308952106266 0.00025879917184265007 0.00013990362194932378
0 1.0 0.02833512624559209 0.04135429603568757 0.00025879917184265007 0.00013990362194932378
0 1.0 0.028506616872150614 0.03636027949463871 0.00025879917184265007 0.00013990362194932378
0 1.0 0.02868800986883944 0.03107789383850322 0.00025879917184265007 0.00013990362194932378
0 1.0 0.028753481730089816 0.029171273257430273 0.00025879917184265007 0.00013990362194932378
0 1.0 0.028674740938407935 0.02859325665449733 0.00025879917184265007 0.00013990362194932378
0 1.0 0.028601237853194073 0.030604804819643824 0.00025879917184265007 0.00013990362194932378
0 1.0 0.02824459766980283 0.04036492447218415 0.00025879917184265007 0.00013990362194932378
0 1.0 0.02802964648557864 0.04624409157079128 0.00025879917184265007 0.00013990362194932378
0 1.0 0.027533801074182875 0.05981480848858577 0.00025879917184265007 0.00013990362194932378
0 1.0 0.02679655126401215 0.07999340627424205 0.00025879917184265007 0.00013990362194932378
0 1.0 0.025754119842200343 0.1085221502188222 0.00025879917184265007 0.00013990362194932378
0 1.0 0.02427550478795508 0.14403830034558007 0.00025879917184265007 0.00013990362194932378
0 1.0 0.056386538965211994 -0.9001930000902908 0.00025879917184265007 0.00013990362194932378
0 1.0 0.05970408769370999 -1.1737846573433885 0.00025879917184265007 0.00013990362194932378
0 1.0 0.0815747171119849 -2.4174226101654726 0.00025879917184265007 0.00013990362194932378
0 1.0 -0.03149837832763214 4.0103366740917235 0.00025879917184265007 0.00013990362194932378
0 1.0 0.004905648719626436 1.9398810611156205 0.00025879917184265007 0.00013990362194932378
0 1.0 0.015955909523052928 1.3109396277745826 0.00025879917184265007 0.00013990362194932378
0 1.0 0.021662091421133157 0.9861641056646966 0.00025879917184265007 0.00013990362194932378
0 1.0 0.02508248839012528 0.791487309293859 0.00025879917184265007 0.00013990362194932378
0 1.0 0.025550521020387764 0.8217992198210646 0.00025879917184265007 0.00013990362194932378
0 1.0 0.034601185490568065 0.24979566157010066 0.00025879917184265007 0.00013990362194932378
0 1.0 0.03534846113263413 0.19760545753080927 0.00025879917184265007 0.00013990362194932378
0 1.0 0.03520070791197441 0.20452100488694214 0.00025879917184265007 0.00013990362194932378
0 1.0 0.03502421121754497 0.21385436858828585 0.00025879917184265007 0.00013990362194932378
0 1.0 0.030324121516046354 0.46243469030855094 0.00025879917184265007 0.00013990362194932378
0 1.0 0.027322337180047465 0.6211916762882087 0.00025879917184265007 0.00013990362194932378
0 1.0 -0.013172182969274901 2.7613268075469577 0.00025879917184265007 0.00013990362194932378
0 1.0 0.09394521047635604 -2.6938081128878064 0.00025879917184265007 0.00013990362194932378
0 1.0 0.035292355243274 0.21045755016785886 0.00025879917184265007 0.00013990362194932378
0 1.0 0.03427045462489929 0.25371395034526895 0.00025879917184265007 0.00013990362194932378
0 1.0 0.03192722583194595 0.377639897004288 0.00025879917184265007 0.00013990362194932378
0 1.0 0.021736739330465448 0.9165338102790567 0.00025879917184265007 0.00013990362194932378
0 1.0 0.24910086903271242 -11.085488958529204 0.00025879917184265007 0.00013990362194932378
0 1.0 0.06562097317336289 -1.2926832225914648 0.00025879917184265007 0.00013990362194932378
0 1.0 0.02850018673914062 0.033370255854370034 0.00025879917184265007 0.00013990362194932378
0 1.0 0.02837580227024918 0.0367742673927061 0.00025879917184265007 0.00013990362194932378
0 1.0 0.027786004352981796 0.05291178102482069 0.00025879917184265007 0.00013990362194932378
0 1.0 0.02722664635762256 0.06822193191618 0.00025879917184265007 0.00013990362194932378
0 1.0 0.026375638259766982 0.09151271214317898 0.00025879917184265007 0.00013990362194932378
0 1.0 0.02544971030588085 0.11685316079209183 0.00025879917184265007 0.00013990362194932378
0 1.0 0.022710513864884423 0.19181850524657987 0.00025879917184265007 0.00013990362194932378
0 1.0 0.01860582755653817 0.3044406592228361 0.00025879917184265007 0.00013990362194932378
0 1.0 -0.01917309564428964 1.310309552668781 0.00025879917184265007 0.00013990362194932378
0 1.0 1.2344288153023646 -32.393228896319684 0.00025879917184265007 0.00013990362194932378
0 1.0 -0.444571131500914 14.475896243660594 0.00025879917184265007 0.00013990362194932378
0 1.0 -0.041974970035728275 2.186145403145402 0.00025879917184265007 0.00013990362194932378
0 1.0 -0.008854091414401435 1.1750892013334724 0.00025879917184265007 0.00013990362194932378
0 1.0 0.0034314022800377964 0.8000591565663019 0.00025879917184265007 0.00013990362194932378
0 1.0 0.009837715019926592 0.6044984560044333 0.00025879917184265007 0.00013990362194932378
0 1.0 0.013770293648230165 0.4844515799321545 0.00025879917184265007 0.00013990362194932378
0 1.0 0.016433997763546097 0.40313868372631656 0.00025879917184265007 0.00013990362194932378
0 1.0 0.0183843887132728 0.34360056312799203 0.00025879917184265007 0.00013990362194932378
0 1.0 0.03298451348039868 0.32171559643038217 0.00025879917184265007 0.00013990362194932378
0 1.0 0.03373848970720483 0.28184470972107534 0.00025879917184265007 0.00013990362194932378
0 1.0 0.20855061379771767 -8.33385264258183 0.00025879917184265007 0.00013990362194932378
0 1.0 0.04064622955310039 -0.29103105853843114 0.00025879917184265007 0.00013990362194932378
0 1.0 0.03961396505250914 -0.26375811089023415 0.00025879917184265007 0.00013990362194932378
0 1.0 0.03876838411348028 -0.24141743689704778 0.00025879917184265007 0.00013990362194932378
0 1.0 0.03806304239810146 -0.2227819537756208 0.00025879917184265007 0.00013990362194932378
0 1.0 0.03746571661894661 -0.20700030605405517 0.00025879917184265007 0.00013990362194932378
