0 1.0 0.005260595472305379 0.6745318665789724 0.00025879917184265007 0.00013990362194932378
0 1.0 0.05169681768316102 -0.6977388484135562 0.00025879917184265007 0.00013990362194932378
0 1.0 0.09948613361183242 -3.4356578947142706 0.00025879917184265007 0.00013990362194932378
0 1.0 0.9487268338889052 -51.713628880672495 0.00025879917184265007 0.00013990362194932378
0 1.0 0.12899164090202894 -5.531448590964263 0.00025879917184265007 0.00013990362194932378
0 1.0 0.10517872583773585 -4.424166945291111 0.00025879917184265007 0.00013990362194932378
0 1.0 -0.018531362622851218 1.4229110969591483 0.00025879917184265007 0.00013990362194932378
0 1.0 0.013933789077621968 0.46357295686832944 0.00025879917184265007 0.00013990362194932378
0 1.0 0.020715263195624507 0.26336280069149737 0.00025879917184265007 0.00013990362194932378
0 1.0 0.0262513897578762 0.10203441303272245 0.00025879917184265007 0.00013990362194932378
0 1.0 0.02775531340029912 0.05823846358459474 0.00025879917184265007 0.00013990362194932378
0 1.0 0.028255546993523353 0.043671741071203495 0.00025879917184265007 0.00013990362194932378
0 1.0 0.028431239816936377 0.03855535142428152 0.00025879917184265007 0.00013990362194932378
0 1.0 0.028652236966736442 0.03211964444848604 0.00025879917184265007 0.00013990362194932378
0 1.0 0.02874220040973741 0.029499799087531618 0.00025879917184265007 0.00013990362194932378
0 1.0 0.02868905165577043 0.02820161734889951 0.00025879917184265007 0.00013990362194932378
0 1.0 0.028635107620337923 0.029677895864000582 0.00025879917184265007 0.00013990362194932378
0 1.0 0.028322081556977748 0.03824443428294087 0.00025879917184265007 0.00013990362194932378
0 1.0 0.02813601485044798 0.043336494582529486 0.00025879917184265007 0.00013990362194932378
0 1.0 0.027682737867489784 0.05573827633777906 0.00025879917184265007 0.00013990362194932378
0 1.0 0.02705103327443811 0.07302865104858518 0.00025879917184265007 0.00013990362194932378
0 1.0 0.026138300378047933 0.09800803926834177 0.00025879917184265007 0.00013990362194932378
0 1.0 0.024926248834708495 0.12676194836805857 0.00025879917184265007 0.00013990362194932378
0 1.0 0.06041849325589125 -1.1191934855873376 0.00025879917184265007 0.00013990362194932378
0 1.0 0.05645922679753541 -0.9862330185974052 0.00025879917184265007 0.00013990362194932378
0 1.0 0.06862056019906278 -1.6809995779373148 0.00025879917184265007 0.00013990362194932378
0 1.0 -0.04460633023721299 4.755767441741922 0.00025879917184265007 0.00013990362194932378
0 1.0 0.0006780931536818477 2.180456557304117 0.00025879917184265007 0.00013990362194932378
0 1.0 0.014836464686944825 1.3746544352612788 0.00025879917184265007 0.00013990362194932378
0 1.0 0.020863953607616868 1.0315912633912305 0.00025879917184265007 0.00013990362194932378
0 1.0 0.024528812893660042 0.823000543827173 0.00025879917184265007 0.00013990362194932378
0 1.0 0.02487100266618264 0.8635805857846955 0.00025879917184265007 0.00013990362194932378
0 1.0 0.03428825916033143 0.26760594738100196 0.00025879917184265007 0.00013990362194932378
0 1.0 0.03541380213565213 0.1993549237634921 0.00025879917184265007 0.00013990362194932378
0 1.0 0.03525365354363363 0.20172117433900932 0.00025879917184265007 0.00013990362194932378
0 1.0 0.03508532602643053 0.21062254183532103 0.00025879917184265007 0.00013990362194932378
0 1.0 0.031357973236370136 0.4077500125476289 0.00025879917184265007 0.00013990362194932378
0 1.0 0.029209755701832665 0.521378090275979 0.00025879917184265007 0.00013990362194932378
0 1.0 0.008853403867115068 1.5977485864109715 0.00025879917184265007 0.00013990362194932378
0 1.0 0.10494694739806887 -3.2352335984597738 0.00025879917184265007 0.00013990362194932378
0 1.0 0.035175913260305086 0.21708487678334776 0.00025879917184265007 0.00013990362194932378
0 1.0 0.03453471858638527 0.23973934490758628 0.00025879917184265007 0.00013990362194932378
0 1.0 0.03258536159604533 0.342828384409969 0.00025879917184265007 0.00013990362194932378
0 1.0 0.025255061615752014 0.7305002217918662 0.00025879917184265007 0.00013990362194932378
0 1.0 -1.9046769297446262 102.62421250907063 0.00025879917184265007 0.00013990362194932378
0 1.0 0.07136390488368985 -1.579581580916954 0.00025879917184265007 0.00013990362194932378
0 1.0 0.028560242385885753 0.031726721767802585 0.00025879917184265007 0.00013990362194932378
0 1.0 0.02844534106979739 0.034871209252619974 0.00025879917184265007 0.00013990362194932378
0 1.0 0.027910974399858204 0.04949123998410085 0.00025879917184265007 0.00013990362194932378
0 1.0 0.02741838615515935 0.06297381720386436 0.00025879917184265007 0.00013990362194932378
0 1.0 0.02666714642133684 0.08353488384481907 0.00025879917184265007 0.00013990362194932378
0 1.0 0.025738898250367778 0.10893873126300481 0.00025879917184265007 0.00013990362194932378
0 1.0 0.023717780951965344 0.16425227924002866 0.00025879917184265007 0.00013990362194932378
0 1.0 0.020913584099490918 0.24099570230390507 0.00025879917184265007 0.00013990362194932378
0 1.0 0.00022820061562548764 0.7886987217132986 0.00025879917184265007 0.00013990362194932378
0 1.0 -0.18541472642725162 5.779775613617168 0.00025879917184265007 0.00013990362194932378
0 1.0 -0.444571131500914 14.475896243660594 0.00025879917184265007 0.00013990362194932378
0 1.0 -0.041974970035728275 2.186145403145402 0.00025879917184265007 0.00013990362194932378
0 1.0 -0.008854091414401435 1.1750892013334724 0.00025879917184265007 0.00013990362194932378
0 1.0 0.0034314022800377964 0.8000591565663019 0.00025879917184265007 0.00013990362194932378
0 1.0 0.009837715019926592 0.6044984560044333 0.00025879917184265007 0.00013990362194932378
0 1.0 0.013770232648286248 0.4844534420316568 0.00025879917184265007 0.00013990362194932378
0 1.0 0.016430794060122343 0.4032364807760979 0.00025879917184265007 0.00013990362194932378
0 1.0 0.018358551285722845 0.34438928288575904 0.00025879917184265007 0.00013990362194932378
0 1.0 0.033442652846006074 0.29748853974056133 0.00025879917184265007 0.00013990362194932378
0 1.0 0.034048259749459804 0.26546389043199686 0.00025879917184265007 0.00013990362194932378
0 1.0 -0.08389961768518758 6.058421024112453 0.00025879917184265007 0.00013990362194932378
0 1.0 0.061168280248587975 -1.0688453941155238 0.00025879917184265007 0.00013990362194932378
0 1.0 0.04064622955310039 -0.29103105853843114 0.00025879917184265007 0.00013990362194932378
0 1.0 0.03961396505250914 -0.26375811089023415 0.00025879917184265007 0.00013990362194932378
0 1.0 0.03876838411348028 -0.24141743689704778 0.00025879917184265007 0.00013990362194932378
0 1.0 0.03806304239810146 -0.2227819537756208 0.00025879917184265007 0.00013990362194932378
0 1.0 0.03746571661894661 -0.20700030605405517 0.00025879917184265007 0.00013990362194932378
