0 1.0 0.06087723425616443 -1.2408039242385493 0.00025879917184265007 0.00013990362194932378
0 1.0 0.06735364483607034 -1.7439129729139073 0.00025879917184265007 0.00013990362194932378
0 1.0 0.08586629961887791 -2.8814797961364267 0.00025879917184265007 0.00013990362194932378
0 1.0 0.1674583775311774 -7.895155141987645 0.00025879917184265007 0.00013990362194932378
0 1.0 0.10517872583773585 -4.424166945291111 0.00025879917184265007 0.00013990362194932378
0 1.0 0.02802473354729343 0.05039435391958126 0.00025879917184265007 0.00013990362194932378
0 1.0 0.02847926771878904 0.03715672025068659 0.00025879917184265007 0.00013990362194932378
0 1.0 0.028623403777699747 0.03295930213631513 0.00025879917184265007 0.00013990362194932378
0 1.0 0.028743697100963393 0.02945621361064942 0.00025879917184265007 0.00013990362194932378
0 1.0 0.02677109324003512 0.08069012688408858 0.00025879917184265007 0.00013990362194932378
0 1.0 0.02522275475608668 0.11889252428455191 0.00025879917184265007 0.00013990362194932378
0 1.0 0.02289795993059386 0.180608259283427 0.00025879917184265007 0.00013990362194932378
0 1.0 0.020649449412799593 0.24029991786546925 0.00025879917184265007 0.00013990362194932378
0 1.0 0.06984708049273752 -1.7507252883659379 0.00025879917184265007 0.00013990362194932378
0 1.0 0.09044817485564001 -2.921864443150553 0.00025879917184265007 0.00013990362194932378
0 1.0 0.2298605860550004 -10.847236296818537 0.00025879917184265007 0.00013990362194932378
0 1.0 0.008693835830392814 1.7242709616263365 0.00025879917184265007 0.00013990362194932378
0 1.0 0.020737144328014327 1.0388087953113312 0.00025879917184265007 0.00013990362194932378
0 1.0 0.03221709017272919 0.36230777755378635 0.00025879917184265007 0.00013990362194932378
0 1.0 0.025150850383303218 0.7360104587631018 0.00025879917184265007 0.00013990362194932378
0 1.0 -0.023243613870085285 3.2930647923754033 0.00025879917184265007 0.00013990362194932378
0 1.0 0.17656698580656235 -6.759851060950825 0.00025879917184265007 0.00013990362194932378
0 1.0 0.030503755317585275 0.4529331183142149 0.00025879917184265007 0.00013990362194932378
0 1.0 0.07622393276732037 -1.8210710118397528 0.00025879917184265007 0.00013990362194932378
0 1.0 0.05824313831005083 -1.0010364443806021 0.00025879917184265007 0.00013990362194932378
0 1.0 0.025380137668717467 0.11875720881511445 0.00025879917184265007 0.00013990362194932378
0 1.0 0.022203344568584946 0.20569838241589297 0.00025879917184265007 0.00013990362194932378
0 1.0 0.013602749898738388 0.4431832994355487 0.00025879917184265007 0.00013990362194932378
0 1.0 -0.04767131552263656 2.0764944483764483 0.00025879917184265007 0.00013990362194932378
0 1.0 -0.44429054307607296 14.467330931419392 0.00025879917184265007 0.00013990362194932378
0 1.0 -0.0013237773214183261 0.9452169551183613 0.00025879917184265007 0.00013990362194932378
0 1.0 0.016718915776250426 0.3944412054061861 0.00025879917184265007 0.00013990362194932378
0 1.0 0.07194883185022745 -1.7326646914052597 0.00025879917184265007 0.00013990362194932378
0 1.0 0.062840428130068 -1.1529046268100893 0.00025879917184265007 0.00013990362194932378
0 1.0 0.040641796658888577 -0.2909139392422627 0.00025879917184265007 0.00013990362194932378
0 1.0 0.03787643883071921 -0.21785179360711013 0.00025879917184265007 0.00013990362194932378
0 1.0 0.03720731909020687 -0.2001733132923104 0.00025879917184265007 0.00013990362194932378
