0 1.0 0.07268877848552084 -1.9122712590214823 0.00025879917184265007 0.00013990362194932378
0 1.0 0.14440773997468742 -6.478738056160441 0.00025879917184265007 0.00013990362194932378
0 1.0 0.08937041431319835 -3.3689904865261835 0.00025879917184265007 0.00013990362194932378
0 1.0 0.027793338853764702 0.052711029232145816 0.00025879917184265007 0.00013990362194932378
0 1.0 0.027622935901603453 0.05737510919287302 0.00025879917184265007 0.00013990362194932378
0 1.0 0.02619439858788264 0.09647277561226923 0.00025879917184265007 0.00013990362194932378
0 1.0 0.0229119110064536 0.18630680016579707 0.00025879917184265007 0.00013990362194932378
0 1.0 0.021133695615098154 0.2349718344899995 0.00025879917184265007 0.00013990362194932378
0 1.0 0.01352435535009343 0.4453573740898597 0.00025879917184265007 0.00013990362194932378
0 1.0 -0.1679863107953938 5.479096907962539 0.00025879917184265007 0.00013990362194932378
0 1.0 0.058722249624387136 -1.1170348166639947 0.00025879917184265007 0.00013990362194932378
0 1.0 -0.018531362622851218 1.4229110969591483 0.00025879917184265007 0.00013990362194932378
0 1.0 -0.00040060107598692535 0.8871510542748122 0.00025879917184265007 0.00013990362194932378
0 1.0 0.024396237022350633 0.15605978919461336 0.00025879917184265007 0.00013990362194932378
0 1.0 0.02564929236356757 0.119568522843512 0.00025879917184265007 0.00013990362194932378
0 1.0 0.026144099352360804 0.10515889383887393 0.00025879917184265007 0.00013990362194932378
0 1.0 0.02660440302029469 0.09175418672413686 0.00025879917184265007 0.00013990362194932378
0 1.0 0.027382171272680726 0.0691039852454949 0.00025879917184265007 0.00013990362194932378
0 1.0 0.02771796719904383 0.05932579020617927 0.00025879917184265007 0.00013990362194932378
0 1.0 0.028129416400992955 0.04734653513681232 0.00025879917184265007 0.00013990362194932378
0 1.0 0.028433847589379193 0.03847940990505047 0.00025879917184265007 0.00013990362194932378
0 1.0 0.028609813948641347 0.033355054560046025 0.00025879917184265007 0.00013990362194932378
0 1.0 0.028718061936265922 0.030202740922962712 0.00025879917184265007 0.00013990362194932378
0 1.0 0.007547380382717353 0.6522899385647493 0.00025879917184265007 0.00013990362194932378
0 1.0 0.02875975361255095 0.028988628378331 0.00025879917184265007 0.00013990362194932378
0 1.0 0.012232049845930104 0.5138589793860388 0.00025879917184265007 0.00013990362194932378
0 1.0 0.015309552152119819 0.42291945857972735 0.00025879917184265007 0.00013990362194932378
0 1.0 0.01749119388734505 0.35845242192685384 0.00025879917184265007 0.00013990362194932378
0 1.0 0.02133812437693726 0.2451157934436181 0.00025879917184265007 0.00013990362194932378
0 1.0 0.02217733676852146 0.22067689567350743 0.00025879917184265007 0.00013990362194932378
0 1.0 0.022872997361839276 0.2004184029566695 0.00025879917184265007 0.00013990362194932378
0 1.0 0.023459123407293694 0.18334969109194213 0.00025879917184265007 0.00013990362194932378
0 1.0 0.02395977439995201 0.1687701179698342 0.00025879917184265007 0.00013990362194932378
0 1.0 0.024801639226225643 0.14425397803687232 0.00025879917184265007 0.00013990362194932378
0 1.0 0.027380604909881447 0.064007923401891 0.00025879917184265007 0.00013990362194932378
0 1.0 0.02457971837781442 0.13596228131067065 0.00025879917184265007 0.00013990362194932378
0 1.0 0.023800829921585675 0.156639588992695 0.00025879917184265007 0.00013990362194932378
0 1.0 0.022607854627713288 0.18830974280122462 0.00025879917184265007 0.00013990362194932378
0 1.0 0.02063315386170499 0.2407325191206766 0.00025879917184265007 0.00013990362194932378
0 1.0 0.027048262929692618 0.07882839606858773 0.00025879917184265007 0.00013990362194932378
0 1.0 0.02790799796686872 0.05379308525009223 0.00025879917184265007 0.00013990362194932378
0 1.0 0.028506109167171438 0.03475758669936127 0.00025879917184265007 0.00013990362194932378
0 1.0 0.02870446713393898 0.028079511832161386 0.00025879917184265007 0.00013990362194932378
0 1.0 0.028605637516207243 0.030484399886495237 0.00025879917184265007 0.00013990362194932378
0 1.0 0.028554944687635885 0.031871703099715605 0.00025879917184265007 0.00013990362194932378
0 1.0 0.02802332649596782 0.04641682730496443 0.00025879917184265007 0.00013990362194932378
0 1.0 0.02792075552743663 0.04922352184569265 0.00025879917184265007 0.00013990362194932378
0 1.0 -0.01184712940229518 3.1212327068840042 0.00025879917184265007 0.00013990362194932378
0 1.0 0.008410028050404389 1.8757121938329766 0.00025879917184265007 0.00013990362194932378
0 1.0 0.016860560055362975 1.3561165595110731 0.00025879917184265007 0.00013990362194932378
0 1.0 0.024126471489795617 0.9093593780122438 0.00025879917184265007 0.00013990362194932378
0 1.0 0.06914063501705003 -1.5844046323851768 0.00025879917184265007 0.00013990362194932378
0 1.0 0.05177707780516585 -0.7105944112835848 0.00025879917184265007 0.00013990362194932378
0 1.0 0.05430457366344094 -0.8594521933554791 0.00025879917184265007 0.00013990362194932378
0 1.0 0.14470245031651632 -6.00613293818355 0.00025879917184265007 0.00013990362194932378
0 1.0 -0.009373435954912274 2.7520883246285677 0.00025879917184265007 0.00013990362194932378
0 1.0 0.009915953214014058 1.6547123989245884 0.00025879917184265007 0.00013990362194932378
0 1.0 0.020025847327876427 1.0792932836646911 0.00025879917184265007 0.00013990362194932378
0 1.0 -0.1012034215657943 7.973221259204269 0.00025879917184265007 0.00013990362194932378
0 1.0 0.02347449046978242 0.8830088158737099 0.00025879917184265007 0.00013990362194932378
0 1.0 0.029756365796017748 0.5254848557721635 0.00025879917184265007 0.00013990362194932378
0 1.0 0.03218573510813264 0.3639662761275451 0.00025879917184265007 0.00013990362194932378
0 1.0 0.03071647856376363 0.44168130923865667 0.00025879917184265007 0.00013990362194932378
0 1.0 0.022667454391092405 0.8673216436416834 0.00025879917184265007 0.00013990362194932378
0 1.0 0.030515592793742632 0.4822710307087424 0.00025879917184265007 0.00013990362194932378
0 1.0 0.031146241763099755 0.44637563404885594 0.00025879917184265007 0.00013990362194932378
0 1.0 0.034610597322050254 0.24925998466309418 0.00025879917184265007 0.00013990362194932378
0 1.0 0.035372505966493044 0.20589575031099797 0.00025879917184265007 0.00013990362194932378
0 1.0 0.03520147233807114 0.20448058108860181 0.00025879917184265007 0.00013990362194932378
0 1.0 0.03476630733381769 0.22749264524041882 0.00025879917184265007 0.00013990362194932378
0 1.0 0.034113494920892315 0.2620141738066101 0.00025879917184265007 0.00013990362194932378
0 1.0 0.03352561638938519 0.2931014340730054 0.00025879917184265007 0.00013990362194932378
0 1.0 0.028604372954959253 0.5910530377452886 0.00025879917184265007 0.00013990362194932378
0 1.0 0.03167842834345727 0.4160845381663522 0.00025879917184265007 0.00013990362194932378
0 1.0 0.03354773290379303 0.3097184804513146 0.00025879917184265007 0.00013990362194932378
0 1.0 0.035316014071081404 0.1984234724462948 0.00025879917184265007 0.00013990362194932378
0 1.0 0.03491620587281404 0.21956582492644205 0.00025879917184265007 0.00013990362194932378
0 1.0 0.03454038729009974 0.23943957683740763 0.00025879917184265007 0.00013990362194932378
0 1.0 0.03271500354253722 0.33597108763438527 0.00025879917184265007 0.00013990362194932378
0 1.0 0.031537915182598464 0.39823214151087477 0.00025879917184265007 0.00013990362194932378
0 1.0 0.07398227604179189 -1.7096855589300177 0.00025879917184265007 0.00013990362194932378
0 1.0 0.023652629662491407 0.17174067049970332 0.00025879917184265007 0.00013990362194932378
0 1.0 0.02818896765311141 0.04188734298940848 0.00025879917184265007 0.00013990362194932378
0 1.0 0.02810517872964148 0.04417967083035108 0.00025879917184265007 0.00013990362194932378
0 1.0 0.026784149326034883 0.0803328154050762 0.00025879917184265007 0.00013990362194932378
0 1.0 0.025511188820684334 0.11517063085873505 0.00025879917184265007 0.00013990362194932378
0 1.0 0.024440991258523184 0.14445993318153108 0.00025879917184265007 0.00013990362194932378
0 1.0 0.01924994638393088 0.28669783906087715 0.00025879917184265007 0.00013990362194932378
0 1.0 0.005224996727898659 0.6543580602790945 0.00025879917184265007 0.00013990362194932378
0 1.0 -0.07078398771302269 2.697886956656293 0.00025879917184265007 0.00013990362194932378
0 1.0 0.26676364666586116 -6.3772026505881945 0.00025879917184265007 0.00013990362194932378
0 1.0 0.028298700805931977 0.0406117716136544 0.00025879917184265007 0.00013990362194932378
0 1.0 0.028681270747428177 0.029813580225490976 0.00025879917184265007 0.00013990362194932378
0 1.0 0.028650839779313236 0.02924735617402018 0.00025879917184265007 0.00013990362194932378
0 1.0 0.02850129038601874 0.0333400525119362 0.00025879917184265007 0.00013990362194932378
0 1.0 0.028444325435735437 0.03489900396120707 0.00025879917184265007 0.00013990362194932378
0 1.0 0.028378271269463087 0.03670669865291755 0.00025879917184265007 0.00013990362194932378
0 1.0 0.02832013391967862 0.03829773498758503 0.00025879917184265007 0.00013990362194932378
0 1.0 0.02825061069337311 0.04020036693701982 0.00025879917184265007 0.00013990362194932378
0 1.0 -0.444571131500914 14.475896243660594 0.00025879917184265007 0.00013990362194932378
0 1.0 -0.041974970035728275 2.186145403145402 0.00025879917184265007 0.00013990362194932378
0 1.0 -0.008854091414401435 1.1750892013334724 0.00025879917184265007 0.00013990362194932378
0 1.0 0.0034314022800377964 0.8000591565663019 0.00025879917184265007 0.00013990362194932378
0 1.0 0.009837715019926592 0.6044984560044333 0.00025879917184265007 0.00013990362194932378
0 1.0 0.013770181509261747 0.48445500311427564 0.00025879917184265007 0.00013990362194932378
0 1.0 0.016429877618446064 0.40326445630328883 0.00025879917184265007 0.00013990362194932378
0 1.0 0.01834863042339134 0.3446921296037549 0.00025879917184265007 0.00013990362194932378
0 1.0 0.03254819933326073 0.3665787493690086 0.00025879917184265007 0.00013990362194932378
0 1.0 0.032135737265992136 0.39005534289592014 0.00025879917184265007 0.00013990362194932378
0 1.0 0.03506096949863569 0.21191054517807953 0.00025879917184265007 0.00013990362194932378
0 1.0 0.0343394089373156 0.2500675609404254 0.00025879917184265007 0.00013990362194932378
0 1.0 0.03385280399846944 0.2757997789639846 0.00025879917184265007 0.00013990362194932378
0 1.0 0.03315069715180802 0.3129271339534268 0.00025879917184265007 0.00013990362194932378
0 1.0 0.060077800818690644 -1.1006883628173272 0.00025879917184265007 0.00013990362194932378
0 1.0 -0.04195043193325105 4.280699960023068 0.00025879917184265007 0.00013990362194932378
0 1.0 0.10963116285623796 -3.7221208979504183 0.00025879917184265007 0.00013990362194932378
0 1.0 0.061168280248587975 -1.0688453941155238 0.00025879917184265007 0.00013990362194932378
0 1.0 0.04064622955310039 -0.29103105853843114 0.00025879917184265007 0.00013990362194932378
0 1.0 0.03961396505250914 -0.26375811089023415 0.00025879917184265007 0.00013990362194932378
0 1.0 0.03876838411348028 -0.24141743689704778 0.00025879917184265007 0.00013990362194932378
0 1.0 0.03806304239810146 -0.2227819537756208 0.00025879917184265007 0.00013990362194932378
0 1.0 0.03746571661894661 -0.20700030605405517 0.00025879917184265007 0.00013990362194932378
