0 1.0 0.060921126493905554 -1.2432991275177627 0.00025879917184265007 0.00013990362194932378
0 1.0 0.08149711622370896 -2.6130019287948647 0.00025879917184265007 0.00013990362194932378
0 1.0 0.15608011637940652 -7.1959830057343375 0.00025879917184265007 0.00013990362194932378
0 1.0 0.02859840405608281 0.033687324569856125 0.00025879917184265007 0.00013990362194932378
0 1.0 0.028741524531535733 0.02951948148642806 0.00025879917184265007 0.00013990362194932378
0 1.0 0.02398143748561693 0.15184496385566704 0.00025879917184265007 0.00013990362194932378
0 1.0 0.02107704261062224 0.22894851569303346 0.00025879917184265007 0.00013990362194932378
0 1.0 -0.12139267205315944 9.120947750573825 0.00025879917184265007 0.00013990362194932378
0 1.0 0.012925404798179468 1.4834251481903293 0.00025879917184265007 0.00013990362194932378
0 1.0 0.023290542722023123 0.8934784656126276 0.00025879917184265007 0.00013990362194932378
0 1.0 0.0249818042259351 0.8567677594810227 0.00025879917184265007 0.00013990362194932378
0 1.0 0.008407929599796844 1.6213033292139398 0.00025879917184265007 0.00013990362194932378
0 1.0 0.1323129368305049 -4.581988590153139 0.00025879917184265007 0.00013990362194932378
0 1.0 -0.8441406750567034 46.63270726438451 0.00025879917184265007 0.00013990362194932378
0 1.0 0.06227285856663873 -1.1243727831071069 0.00025879917184265007 0.00013990362194932378
0 1.0 0.011245788465605146 0.49248690799925704 0.00025879917184265007 0.00013990362194932378
0 1.0 -0.058566769074044574 2.3694226375268124 0.00025879917184265007 0.00013990362194932378
0 1.0 0.26676364666586116 -6.3772026505881945 0.00025879917184265007 0.00013990362194932378
0 1.0 0.017334501906407514 0.375649669657375 0.00025879917184265007 0.00013990362194932378
0 1.0 0.019604788574194155 0.3063463325810866 0.00025879917184265007 0.00013990362194932378
0 1.0 0.06044628064742645 -1.120702791447029 0.00025879917184265007 0.00013990362194932378
0 1.0 0.03756862224115843 -0.2097191243856746 0.00025879917184265007 0.00013990362194932378
