0 1.0 0.05797843932969662 -1.0740428844521073 0.00025879917184265007 0.00013990362194932378
0 1.0 0.05663094507887101 -1.0850238161575372 0.00025879917184265007 0.00013990362194932378
0 1.0 0.10118461709174892 -3.822760771186579 0.00025879917184265007 0.00013990362194932378
0 1.0 0.09443109600387671 -3.706781918395302 0.00025879917184265007 0.00013990362194932378
0 1.0 0.028084060536480073 0.042936772800163184 0.00025879917184265007 0.00013990362194932378
0 1.0 0.027913272334080967 0.04746685067273604 0.00025879917184265007 0.00013990362194932378
0 1.0 0.026032107716417365 0.10091425917131823 0.00025879917184265007 0.00013990362194932378
0 1.0 0.02528810932859673 0.12127581938118305 0.00025879917184265007 0.00013990362194932378
0 1.0 0.02313978264261137 0.1800705584545624 0.00025879917184265007 0.00013990362194932378
0 1.0 0.02097324839362068 0.2317039615381901 0.00025879917184265007 0.00013990362194932378
0 1.0 0.05421769925442308 -0.8543356936378371 0.00025879917184265007 0.00013990362194932378
0 1.0 -0.018531362622851218 1.4229110969591483 0.00025879917184265007 0.00013990362194932378
0 1.0 -0.00040060107598692535 0.8871510542748122 0.00025879917184265007 0.00013990362194932378
0 1.0 0.024391828070252728 0.15618818330637185 0.00025879917184265007 0.00013990362194932378
0 1.0 0.02564825736171554 0.11959866387434742 0.00025879917184265007 0.00013990362194932378
0 1.0 0.025885531414801998 0.1126888360933352 0.00025879917184265007 0.00013990362194932378
0 1.0 0.02609982970550766 0.10644810195793426 0.00025879917184265007 0.00013990362194932378
0 1.0 0.026471671913871824 0.09561949300383331 0.00025879917184265007 0.00013990362194932378
0 1.0 0.026634203699359937 0.0908863513309537 0.00025879917184265007 0.00013990362194932378
0 1.0 0.026931726902310577 0.08222208011590981 0.00025879917184265007 0.00013990362194932378
0 1.0 0.027079775894820114 0.07791069662885658 0.00025879917184265007 0.00013990362194932378
0 1.0 0.027439119365153378 0.06744541018119164 0.00025879917184265007 0.00013990362194932378
0 1.0 0.027666027337463536 0.060838008111063886 0.00025879917184265007 0.00013990362194932378
0 1.0 0.007547380382717353 0.6522899385647493 0.00025879917184265007 0.00013990362194932378
0 1.0 0.02807974647283662 0.04879266441800472 0.00025879917184265007 0.00013990362194932378
0 1.0 0.028396301174007255 0.03957280738797689 0.00025879917184265007 0.00013990362194932378
0 1.0 0.0285604769165222 0.03479180920625532 0.00025879917184265007 0.00013990362194932378
0 1.0 0.028703373920199164 0.030630473893939872 0.00025879917184265007 0.00013990362194932378
0 1.0 0.02875787059296944 0.029043464208871158 0.00025879917184265007 0.00013990362194932378
0 1.0 0.012232049845930104 0.5138589793860388 0.00025879917184265007 0.00013990362194932378
0 1.0 0.015309552152119819 0.42291945857972735 0.00025879917184265007 0.00013990362194932378
0 1.0 0.01749119388734505 0.35845242192685384 0.00025879917184265007 0.00013990362194932378
0 1.0 0.02133812437693726 0.2451157934436181 0.00025879917184265007 0.00013990362194932378
0 1.0 0.02217733676852146 0.22067689567350743 0.00025879917184265007 0.00013990362194932378
0 1.0 0.022872997361839276 0.2004184029566695 0.00025879917184265007 0.00013990362194932378
0 1.0 0.023459046962174677 0.18335191726789857 0.00025879917184265007 0.00013990362194932378
0 1.0 0.02395949899775119 0.16877813802089447 0.00025879917184265007 0.00013990362194932378
0 1.0 0.024769061548930264 0.14520268009727283 0.00025879917184265007 0.00013990362194932378
0 1.0 0.028057735278543158 0.04547637855644403 0.00025879917184265007 0.00013990362194932378
0 1.0 0.027695394506354224 0.05539185290468068 0.00025879917184265007 0.00013990362194932378
0 1.0 0.02656362067945718 0.08636811701650289 0.00025879917184265007 0.00013990362194932378
0 1.0 0.027248221759171368 0.06763138995009534 0.00025879917184265007 0.00013990362194932378
0 1.0 0.026999658537378162 0.0744348329062826 0.00025879917184265007 0.00013990362194932378
0 1.0 0.026512160877626617 0.08466397866590225 0.00025879917184265007 0.00013990362194932378
0 1.0 0.024472105881934294 0.1388190917691506 0.00025879917184265007 0.00013990362194932378
0 1.0 0.02629433599412494 0.10078375074782889 0.00025879917184265007 0.00013990362194932378
0 1.0 0.026784175600294603 0.08651897019413143 0.00025879917184265007 0.00013990362194932378
0 1.0 0.027247612499329516 0.07302291942701583 0.00025879917184265007 0.00013990362194932378
0 1.0 0.028223573202034995 0.04460327869078745 0.00025879917184265007 0.00013990362194932378
0 1.0 0.0286408824616337 0.03095355593331302 0.00025879917184265007 0.00013990362194932378
0 1.0 0.028721925949343564 0.02808997821184343 0.00025879917184265007 0.00013990362194932378
0 1.0 0.028266914434922078 0.03975418483048069 0.00025879917184265007 0.00013990362194932378
0 1.0 0.028209695221906604 0.041320094650694396 0.00025879917184265007 0.00013990362194932378
0 1.0 -0.061628885825295965 5.723472409862506 0.00025879917184265007 0.00013990362194932378
0 1.0 0.008318350763102585 1.8813491310365313 0.00025879917184265007 0.00013990362194932378
0 1.0 0.01668800282927217 1.3667265401957112 0.00025879917184265007 0.00013990362194932378
0 1.0 0.024126471489795617 0.9093593780122438 0.00025879917184265007 0.00013990362194932378
0 1.0 0.0562412924205037 -0.8923037579226846 0.00025879917184265007 0.00013990362194932378
0 1.0 0.0517729526340361 -0.7103514578389643 0.00025879917184265007 0.00013990362194932378
0 1.0 0.06874556636210619 -1.6881059777018474 0.00025879917184265007 0.00013990362194932378
0 1.0 0.22216849243914705 -10.409953118696846 0.00025879917184265007 0.00013990362194932378
0 1.0 0.003568614655025386 2.0159802714397204 0.00025879917184265007 0.00013990362194932378
0 1.0 0.020025847327876427 1.0792932836646911 0.00025879917184265007 0.00013990362194932378
0 1.0 0.09048907730290527 -2.9241896816391035 0.00025879917184265007 0.00013990362194932378
0 1.0 0.02329404939499055 0.8932788782941429 0.00025879917184265007 0.00013990362194932378
0 1.0 0.028825505238619355 0.5784677520685247 0.00025879917184265007 0.00013990362194932378
0 1.0 0.033561182679447646 0.2912206914437527 0.00025879917184265007 0.00013990362194932378
0 1.0 0.032718395245680425 0.335791686478687 0.00025879917184265007 0.00013990362194932378
0 1.0 0.03219150386156871 0.36366114298656 0.00025879917184265007 0.00013990362194932378
0 1.0 0.0025526790349702094 1.930625338405273 0.00025879917184265007 0.00013990362194932378
0 1.0 0.42854699527130874 -20.55943072526652 0.00025879917184265007 0.00013990362194932378
0 1.0 0.11202000420180044 -3.5833180183735673 0.00025879917184265007 0.00013990362194932378
0 1.0 0.02975698025918417 0.525449881642079 0.00025879917184265007 0.00013990362194932378
0 1.0 0.030516204883516203 0.4822361916678786 0.00025879917184265007 0.00013990362194932378
0 1.0 0.03297300630801907 0.34239950607557906 0.00025879917184265007 0.00013990362194932378
0 1.0 0.03330445933117631 0.3235463075833028 0.00025879917184265007 0.00013990362194932378
0 1.0 0.034542128013735046 0.2531569336652649 0.00025879917184265007 0.00013990362194932378
0 1.0 0.0352165316501145 0.20368422602457567 0.00025879917184265007 0.00013990362194932378
0 1.0 0.034761594536186206 0.22774186381353537 0.00025879917184265007 0.00013990362194932378
0 1.0 0.03433931096523786 0.25007274182518324 0.00025879917184265007 0.00013990362194932378
0 1.0 0.02677740773737781 0.6950185451061461 0.00025879917184265007 0.00013990362194932378
0 1.0 0.031147713625575616 0.4462918583036051 0.00025879917184265007 0.00013990362194932378
0 1.0 0.03257856841709584 0.3648501961430035 0.00025879917184265007 0.00013990362194932378
0 1.0 0.033846966008726595 0.2927098773273368 0.00025879917184265007 0.00013990362194932378
0 1.0 0.03537218655778627 0.19786412489476835 0.00025879917184265007 0.00013990362194932378
0 1.0 0.035093791899702347 0.21017485597609914 0.00025879917184265007 0.00013990362194932378
0 1.0 0.03391351247994123 0.272589492858973 0.00025879917184265007 0.00013990362194932378
0 1.0 0.033170622789856996 0.31187346777604513 0.00025879917184265007 0.00013990362194932378
0 1.0 0.029953473278631272 0.4820398029443834 0.00025879917184265007 0.00013990362194932378
0 1.0 0.06275834484484454 -1.1487782824542179 0.00025879917184265007 0.00013990362194932378
0 1.0 0.028399828124177885 0.036116755367928494 0.00025879917184265007 0.00013990362194932378
0 1.0 0.028333508625330937 0.03793171137733781 0.00025879917184265007 0.00013990362194932378
0 1.0 0.02794738850180538 0.04849455371179386 0.00025879917184265007 0.00013990362194932378
0 1.0 0.027827622735334123 0.05177264898124175 0.00025879917184265007 0.00013990362194932378
0 1.0 0.027496018944696134 0.060848938888192844 0.00025879917184265007 0.00013990362194932378
0 1.0 0.02426306511887472 0.14932929925228886 0.00025879917184265007 0.00013990362194932378
0 1.0 0.022145105271830754 0.20729223735008007 0.00025879917184265007 0.00013990362194932378
0 1.0 0.020924453061267168 0.24069824767580894 0.00025879917184265007 0.00013990362194932378
0 1.0 0.02314773957051966 0.17397730920816473 0.00025879917184265007 0.00013990362194932378
0 1.0 0.0189674400845453 0.2944797237868807 0.00025879917184265007 0.00013990362194932378
0 1.0 0.026244233658559855 0.0985980602984823 0.00025879917184265007 0.00013990362194932378
0 1.0 0.012652346629232388 0.46954033184817645 0.00025879917184265007 0.00013990362194932378
0 1.0 -0.044435349527427184 1.9894943382244126 0.00025879917184265007 0.00013990362194932378
0 1.0 0.26676364666586116 -6.3772026505881945 0.00025879917184265007 0.00013990362194932378
0 1.0 0.027475636996440133 0.06384063395308937 0.00025879917184265007 0.00013990362194932378
0 1.0 0.028398810731554515 0.03778612845805451 0.00025879917184265007 0.00013990362194932378
0 1.0 0.028657147909778153 0.029074722491701985 0.00025879917184265007 0.00013990362194932378
0 1.0 0.02861096306629804 0.030338656337331606 0.00025879917184265007 0.00013990362194932378
0 1.0 0.02856237464897814 0.031668368436120815 0.00025879917184265007 0.00013990362194932378
0 1.0 0.028510937887605888 0.03307603074932033 0.00025879917184265007 0.00013990362194932378
0 1.0 0.02845587081193607 0.03458304334207484 0.00025879917184265007 0.00013990362194932378
0 1.0 -0.444571131500914 14.475896243660594 0.00025879917184265007 0.00013990362194932378
0 1.0 -0.041974970035728275 2.186145403145402 0.00025879917184265007 0.00013990362194932378
0 1.0 -0.008854091414401435 1.1750892013334724 0.00025879917184265007 0.00013990362194932378
0 1.0 0.0034314022800377964 0.8000591565663019 0.00025879917184265007 0.00013990362194932378
0 1.0 0.009837715019926592 0.6044984560044333 0.00025879917184265007 0.00013990362194932378
0 1.0 0.013770181509261747 0.48445500311427564 0.00025879917184265007 0.00013990362194932378
0 1.0 0.016429877618446064 0.40326445630328883 0.00025879917184265007 0.00013990362194932378
0 1.0 0.01834863042339134 0.3446921296037549 0.00025879917184265007 0.00013990362194932378
0 1.0 0.03214787445514348 0.38936451608085765 0.00025879917184265007 0.00013990362194932378
0 1.0 0.03168196170382638 0.4158834256962534 0.00025879917184265007 0.00013990362194932378
0 1.0 0.06118606545149531 -1.1608830719512158 0.00025879917184265007 0.00013990362194932378
0 1.0 0.035332168266837126 0.20819158127952903 0.00025879917184265007 0.00013990362194932378
0 1.0 0.034939493417587446 0.21833435072923968 0.00025879917184265007 0.00013990362194932378
0 1.0 0.03459164634423767 0.23672893459675368 0.00025879917184265007 0.00013990362194932378
0 1.0 0.03414003180975892 0.2606108702711245 0.00025879917184265007 0.00013990362194932378
0 1.0 0.06952022358728284 -1.6044451876486654 0.00025879917184265007 0.00013990362194932378
0 1.0 0.03161873394888049 0.39395730392605804 0.00025879917184265007 0.00013990362194932378
0 1.0 0.030912474908047615 0.4313142549321321 0.00025879917184265007 0.00013990362194932378
0 1.0 0.02205372255010731 0.8997731155334939 0.00025879917184265007 0.00013990362194932378
0 1.0 0.04064622955310039 -0.29103105853843114 0.00025879917184265007 0.00013990362194932378
0 1.0 0.03961396505250914 -0.26375811089023415 0.00025879917184265007 0.00013990362194932378
0 1.0 0.03876838411348028 -0.24141743689704778 0.00025879917184265007 0.00013990362194932378
0 1.0 0.03806304239810146 -0.2227819537756208 0.00025879917184265007 0.00013990362194932378
0 1.0 0.03746571661894661 -0.20700030605405517 0.00025879917184265007 0.00013990362194932378
