0 1.0 0.0577994439372317 -1.063697023640528 0.00025879917184265007 0.00013990362194932378
0 1.0 0.05640061697689547 -1.0708705998664516 0.00025879917184265007 0.00013990362194932378
0 1.0 0.06229902477728498 -1.4333163485870102 0.00025879917184265007 0.00013990362194932378
0 1.0 0.15372603787998396 -7.051329435966939 0.00025879917184265007 0.00013990362194932378
0 1.0 0.07539368864343608 -2.2379581112162032 0.00025879917184265007 0.00013990362194932378
0 1.0 0.09553284749959698 -3.780321855907822 0.00025879917184265007 0.00013990362194932378
0 1.0 0.0285287820202818 0.031126437339031126 0.00025879917184265007 0.00013990362194932378
0 1.0 0.02837672763157252 0.03516450027145865 0.00025879917184265007 0.00013990362194932378
0 1.0 0.027201305328169164 0.06891554317167249 0.00025879917184265007 0.00013990362194932378
0 1.0 0.026512913650204053 0.08775583793218096 0.00025879917184265007 0.00013990362194932378
0 1.0 0.02554533456225209 0.11423613801244471 0.00025879917184265007 0.00013990362194932378
0 1.0 0.02602027519903529 0.09772720535952556 0.00025879917184265007 0.00013990362194932378
0 1.0 0.0542174564755177 -0.8543213950864581 0.00025879917184265007 0.00013990362194932378
0 1.0 -0.018531362622851218 1.4229110969591483 0.00025879917184265007 0.00013990362194932378
0 1.0 -0.00040060107598692535 0.8871510542748122 0.00025879917184265007 0.00013990362194932378
0 1.0 0.024391828070252728 0.15618818330637185 0.00025879917184265007 0.00013990362194932378
0 1.0 0.02564825736171554 0.11959866387434742 0.00025879917184265007 0.00013990362194932378
0 1.0 0.025885531414801998 0.1126888360933352 0.00025879917184265007 0.00013990362194932378
0 1.0 0.02609982970550766 0.10644810195793426 0.00025879917184265007 0.00013990362194932378
0 1.0 0.026471671913871824 0.09561949300383331 0.00025879917184265007 0.00013990362194932378
0 1.0 0.026634013293545245 0.09089189620141463 0.00025879917184265007 0.00013990362194932378
0 1.0 0.026920735882071608 0.08254215323738746 0.00025879917184265007 0.00013990362194932378
0 1.0 0.02704800541716555 0.07883589517572857 0.00025879917184265007 0.00013990362194932378
0 1.0 0.027277782719733055 0.07214423195789901 0.00025879917184265007 0.00013990362194932378
0 1.0 0.027382507575908245 0.06909419063916135 0.00025879917184265007 0.00013990362194932378
0 1.0 0.007547380382717353 0.6522899385647493 0.00025879917184265007 0.00013990362194932378
0 1.0 0.027495071576393228 0.0658158394910131 0.00025879917184265007 0.00013990362194932378
0 1.0 0.02782461435391628 0.05622078121700805 0.00025879917184265007 0.00013990362194932378
0 1.0 0.028009312240904145 0.05084334194013133 0.00025879917184265007 0.00013990362194932378
0 1.0 0.02837507812272365 0.040190848567771054 0.00025879917184265007 0.00013990362194932378
0 1.0 0.028580021695588254 0.03422264136364001 0.00025879917184265007 0.00013990362194932378
0 1.0 0.02871563987902922 0.030273274188518974 0.00025879917184265007 0.00013990362194932378
0 1.0 0.02875975361255095 0.028988628378331 0.00025879917184265007 0.00013990362194932378
0 1.0 0.012232049845930104 0.5138589793860388 0.00025879917184265007 0.00013990362194932378
0 1.0 0.015309552152119819 0.42291945857972735 0.00025879917184265007 0.00013990362194932378
0 1.0 0.01749119388734505 0.35845242192685384 0.00025879917184265007 0.00013990362194932378
0 1.0 0.02133812437693726 0.2451157934436181 0.00025879917184265007 0.00013990362194932378
0 1.0 0.02217733676852146 0.22067689567350743 0.00025879917184265007 0.00013990362194932378
0 1.0 0.022872997361839276 0.2004184029566695 0.00025879917184265007 0.00013990362194932378
0 1.0 0.023459046962174677 0.18335191726789857 0.00025879917184265007 0.00013990362194932378
0 1.0 0.02395949899775119 0.16877813802089447 0.00025879917184265007 0.00013990362194932378
0 1.0 0.024769061548930264 0.14520268009727283 0.00025879917184265007 0.00013990362194932378
0 1.0 0.028237251912639184 0.04056595473235848 0.00025879917184265007 0.00013990362194932378
0 1.0 0.0279804323118279 0.047590115319164045 0.00025879917184265007 0.00013990362194932378
0 1.0 0.02738689815184379 0.06383567178680881 0.00025879917184265007 0.00013990362194932378
0 1.0 0.02772270729346049 0.054644277693111545 0.00025879917184265007 0.00013990362194932378
0 1.0 0.027554568962479556 0.0592463729632464 0.00025879917184265007 0.00013990362194932378
0 1.0 0.028063261523247188 0.04348912597510093 0.00025879917184265007 0.00013990362194932378
0 1.0 0.027079622862942465 0.06959499740833171 0.00025879917184265007 0.00013990362194932378
0 1.0 0.022977967544874887 0.17848428113974843 0.00025879917184265007 0.00013990362194932378
0 1.0 0.021236827631166962 0.22470667078397064 0.00025879917184265007 0.00013990362194932378
0 1.0 0.02629433599412494 0.10078375074782889 0.00025879917184265007 0.00013990362194932378
0 1.0 0.026783185063717352 0.08654781593613926 0.00025879917184265007 0.00013990362194932378
0 1.0 0.02716641132895678 0.07538775760847469 0.00025879917184265007 0.00013990362194932378
0 1.0 0.027637013326085442 0.061682744815466956 0.00025879917184265007 0.00013990362194932378
0 1.0 0.02822278933365623 0.04462611819068772 0.00025879917184265007 0.00013990362194932378
0 1.0 0.02861541354509376 0.03167242640748533 0.00025879917184265007 0.00013990362194932378
0 1.0 0.028377554442520297 0.036726315950848513 0.00025879917184265007 0.00013990362194932378
0 1.0 0.02831392813653743 0.03846756774568817 0.00025879917184265007 0.00013990362194932378
0 1.0 -0.36014842519297796 22.693829171652737 0.00025879917184265007 0.00013990362194932378
0 1.0 0.008318350763102585 1.8813491310365313 0.00025879917184265007 0.00013990362194932378
0 1.0 0.01668800282927217 1.3667265401957112 0.00025879917184265007 0.00013990362194932378
0 1.0 0.024126471489795617 0.9093593780122438 0.00025879917184265007 0.00013990362194932378
0 1.0 0.05735811877664556 -0.9529655354573096 0.00025879917184265007 0.00013990362194932378
0 1.0 0.0517729526340361 -0.7103514578389643 0.00025879917184265007 0.00013990362194932378
0 1.0 0.0638835909034439 -1.4117104751650982 0.00025879917184265007 0.00013990362194932378
0 1.0 0.12430240524601927 -4.846423113037002 0.00025879917184265007 0.00013990362194932378
0 1.0 0.003568614655025386 2.0159802714397204 0.00025879917184265007 0.00013990362194932378
0 1.0 0.020025847327876427 1.0792932836646911 0.00025879917184265007 0.00013990362194932378
0 1.0 0.07729207277576727 -2.17396115225414 0.00025879917184265007 0.00013990362194932378
0 1.0 0.02329404939499055 0.8932788782941429 0.00025879917184265007 0.00013990362194932378
0 1.0 0.028825491277592256 0.5784685467048938 0.00025879917184265007 0.00013990362194932378
0 1.0 0.03404155394580068 0.265818501631162 0.00025879917184265007 0.00013990362194932378
0 1.0 0.033348575742218195 0.30246332961096273 0.00025879917184265007 0.00013990362194932378
0 1.0 0.0329941759667415 0.3212045077107533 0.00025879917184265007 0.00013990362194932378
0 1.0 0.02924838282330491 0.5193349426475367 0.00025879917184265007 0.00013990362194932378
0 1.0 0.026931497200701548 0.641857595435539 0.00025879917184265007 0.00013990362194932378
0 1.0 0.018698103838700443 1.077203646297663 0.00025879917184265007 0.00013990362194932378
0 1.0 -0.032069831847252595 3.7590490790745195 0.00025879917184265007 0.00013990362194932378
0 1.0 0.02975695543111895 0.5254512948105683 0.00025879917184265007 0.00013990362194932378
0 1.0 0.03051608589975907 0.48224296400774685 0.00025879917184265007 0.00013990362194932378
0 1.0 0.03287218170287759 0.3481382599156409 0.00025879917184265007 0.00013990362194932378
0 1.0 0.03317826971512456 0.3307190069350919 0.00025879917184265007 0.00013990362194932378
0 1.0 0.033724523088161186 0.29966961208562887 0.00025879917184265007 0.00013990362194932378
0 1.0 0.03536678621175538 0.20622129168224945 0.00025879917184265007 0.00013990362194932378
0 1.0 0.03502466828398899 0.21383019834888659 0.00025879917184265007 0.00013990362194932378
0 1.0 0.03467520947971778 0.23231001254282094 0.00025879917184265007 0.00013990362194932378
0 1.0 0.02677740773737781 0.6950185451061461 0.00025879917184265007 0.00013990362194932378
0 1.0 0.031146663042017186 0.44635165561619455 0.00025879917184265007 0.00013990362194932378
0 1.0 0.07463339795848255 -1.7420390895862132 0.00025879917184265007 0.00013990362194932378
0 1.0 0.061168280248587975 -1.0688453941155238 0.00025879917184265007 0.00013990362194932378
0 1.0 0.03252783029135964 0.3677381183272538 0.00025879917184265007 0.00013990362194932378
0 1.0 0.03345807689375106 0.31481458602031975 0.00025879917184265007 0.00013990362194932378
0 1.0 0.034807933135630326 0.2380285640346986 0.00025879917184265007 0.00013990362194932378
0 1.0 0.035308138281085304 0.19883995397138418 0.00025879917184265007 0.00013990362194932378
0 1.0 0.03429265439828422 0.25253999884573153 0.00025879917184265007 0.00013990362194932378
0 1.0 0.0337226059655686 0.28268464073313293 0.00025879917184265007 0.00013990362194932378
0 1.0 0.031303798618391145 0.41061553133409 0.00025879917184265007 0.00013990362194932378
0 1.0 0.11064457720882044 -3.775624580438255 0.00025879917184265007 0.00013990362194932378
0 1.0 0.02848518290727852 0.033780863522940074 0.00025879917184265007 0.00013990362194932378
0 1.0 0.028437459823192058 0.03508689417389767 0.00025879917184265007 0.00013990362194932378
0 1.0 0.02817618208218005 0.04223724383605286 0.00025879917184265007 0.00013990362194932378
0 1.0 0.02809115556791743 0.04456294695657862 0.00025879917184265007 0.00013990362194932378
0 1.0 0.027861932023692186 0.0508335733239945 0.00025879917184265007 0.00013990362194932378
0 1.0 0.026039090866392504 0.10072314832494156 0.00025879917184265007 0.00013990362194932378
0 1.0 0.024838624848947513 0.13357775747856082 0.00025879917184265007 0.00013990362194932378
0 1.0 0.023786026874964783 0.1623845695118371 0.00025879917184265007 0.00013990362194932378
0 1.0 0.02666029529718104 0.08072990701472198 0.00025879917184265007 0.00013990362194932378
0 1.0 0.02216479070629798 0.20675349927105388 0.00025879917184265007 0.00013990362194932378
0 1.0 0.021917810329382247 0.22069618568694438 0.00025879917184265007 0.00013990362194932378
0 1.0 0.02059939733000681 0.24959416005850704 0.00025879917184265007 0.00013990362194932378
0 1.0 0.01850207323926831 0.30731295025902644 0.00025879917184265007 0.00013990362194932378
0 1.0 0.012642757659126326 0.4698062576967055 0.00025879917184265007 0.00013990362194932378
0 1.0 -0.05277421450347628 2.2136877236101755 0.00025879917184265007 0.00013990362194932378
0 1.0 0.26676364666586116 -6.3772026505881945 0.00025879917184265007 0.00013990362194932378
0 1.0 0.025617421641802415 0.11629136027672163 0.00025879917184265007 0.00013990362194932378
0 1.0 0.027758412764228423 0.05585811113905685 0.00025879917184265007 0.00013990362194932378
0 1.0 0.028728457829598292 0.028481705739144277 0.00025879917184265007 0.00013990362194932378
0 1.0 0.028671750895613156 0.02867508471763322 0.00025879917184265007 0.00013990362194932378
0 1.0 0.0286351937268451 0.029675539399832872 0.00025879917184265007 0.00013990362194932378
0 1.0 0.028589462177197718 0.030927068019547876 0.00025879917184265007 0.00013990362194932378
0 1.0 0.028539128469416294 0.03230454322671966 0.00025879917184265007 0.00013990362194932378
0 1.0 -0.444571131500914 14.475896243660594 0.00025879917184265007 0.00013990362194932378
0 1.0 -0.041974970035728275 2.186145403145402 0.00025879917184265007 0.00013990362194932378
0 1.0 -0.008854091414401435 1.1750892013334724 0.00025879917184265007 0.00013990362194932378
0 1.0 0.0034314022800377964 0.8000591565663019 0.00025879917184265007 0.00013990362194932378
0 1.0 0.009837715019926592 0.6044984560044333 0.00025879917184265007 0.00013990362194932378
0 1.0 0.013770181509261747 0.48445500311427564 0.00025879917184265007 0.00013990362194932378
0 1.0 0.016429877618446064 0.40326445630328883 0.00025879917184265007 0.00013990362194932378
0 1.0 0.01834863042339134 0.3446921296037549 0.00025879917184265007 0.00013990362194932378
0 1.0 0.03213390869488994 0.39015942184985797 0.00025879917184265007 0.00013990362194932378
0 1.0 0.03167882103890424 0.41606218665303724 0.00025879917184265007 0.00013990362194932378
0 1.0 0.06229254804620054 -1.219998172616079 0.00025879917184265007 0.00013990362194932378
0 1.0 0.03426071073424485 0.2691738734224808 0.00025879917184265007 0.00013990362194932378
0 1.0 0.035181017417455086 0.20556226261362362 0.00025879917184265007 0.00013990362194932378
0 1.0 0.03486752910007708 0.22213991292979293 0.00025879917184265007 0.00013990362194932378
0 1.0 0.034502440316045414 0.24144625980311027 0.00025879917184265007 0.00013990362194932378
0 1.0 0.07542212532311013 -1.9160388371203168 0.00025879917184265007 0.00013990362194932378
0 1.0 0.03254776676655068 0.34481692986187124 0.00025879917184265007 0.00013990362194932378
0 1.0 0.03204216481674961 0.371560300460033 0.00025879917184265007 0.00013990362194932378
0 1.0 0.030399174721171655 0.45846481701190883 0.00025879917184265007 0.00013990362194932378
0 1.0 0.04064622955310039 -0.29103105853843114 0.00025879917184265007 0.00013990362194932378
0 1.0 0.03961396505250914 -0.26375811089023415 0.00025879917184265007 0.00013990362194932378
0 1.0 0.03876838411348028 -0.24141743689704778 0.00025879917184265007 0.00013990362194932378
0 1.0 0.03806304239810146 -0.2227819537756208 0.00025879917184265007 0.00013990362194932378
0 1.0 0.03746571661894661 -0.20700030605405517 0.00025879917184265007 0.00013990362194932378
