0 1.0 0.06399726840177658 -1.4181728585205828 0.00025879917184265007 0.00013990362194932378
0 1.0 0.08362101323045776 -2.7435112911291357 0.00025879917184265007 0.00013990362194932378
0 1.0 0.08594009762898489 -3.140022996502212 0.00025879917184265007 0.00013990362194932378
0 1.0 0.028005123300406658 0.04503076972081699 0.00025879917184265007 0.00013990362194932378
0 1.0 0.027922128479597977 0.049185942927126206 0.00025879917184265007 0.00013990362194932378
0 1.0 0.027236177963303874 0.06796104160800875 0.00025879917184265007 0.00013990362194932378
0 1.0 0.023716304761909505 0.16429267864275904 0.00025879917184265007 0.00013990362194932378
0 1.0 0.02288346640125059 0.18708525349337032 0.00025879917184265007 0.00013990362194932378
0 1.0 0.020518854411818947 0.25179840589803765 0.00025879917184265007 0.00013990362194932378
0 1.0 0.007381150216032484 0.615723640737937 0.00025879917184265007 0.00013990362194932378
0 1.0 0.05780780669282467 -1.0641803875091431 0.00025879917184265007 0.00013990362194932378
0 1.0 -0.018531362622851218 1.4229110969591483 0.00025879917184265007 0.00013990362194932378
0 1.0 -0.00040060107598692535 0.8871510542748122 0.00025879917184265007 0.00013990362194932378
0 1.0 0.02439186890895986 0.15618699403295433 0.00025879917184265007 0.00013990362194932378
0 1.0 0.02564825736171554 0.11959866387434742 0.00025879917184265007 0.00013990362194932378
0 1.0 0.025886349561940462 0.1126650102440574 0.00025879917184265007 0.00013990362194932378
0 1.0 0.026106777724589678 0.10624576371381761 0.00025879917184265007 0.00013990362194932378
0 1.0 0.0266353961200103 0.09085162645633989 0.00025879917184265007 0.00013990362194932378
0 1.0 0.027018852116332145 0.079684878054137 0.00025879917184265007 0.00013990362194932378
0 1.0 0.027643189461537203 0.0615029279594147 0.00025879917184265007 0.00013990362194932378
0 1.0 0.02804399849798329 0.04983345902145209 0.00025879917184265007 0.00013990362194932378
0 1.0 0.028343129992509014 0.04112121714796301 0.00025879917184265007 0.00013990362194932378
0 1.0 0.028537415059312742 0.03546339866092442 0.00025879917184265007 0.00013990362194932378
0 1.0 0.007547380382717353 0.6522899385647493 0.00025879917184265007 0.00013990362194932378
0 1.0 0.028673736095554757 0.03149356355362072 0.00025879917184265007 0.00013990362194932378
0 1.0 0.028752066323516214 0.029212491625936487 0.00025879917184265007 0.00013990362194932378
0 1.0 0.012232049845930104 0.5138589793860388 0.00025879917184265007 0.00013990362194932378
0 1.0 0.015309552152119819 0.42291945857972735 0.00025879917184265007 0.00013990362194932378
0 1.0 0.01749119388734505 0.35845242192685384 0.00025879917184265007 0.00013990362194932378
0 1.0 0.02133812437693726 0.2451157934436181 0.00025879917184265007 0.00013990362194932378
0 1.0 0.02217733676852146 0.22067689567350743 0.00025879917184265007 0.00013990362194932378
0 1.0 0.022872997361839276 0.2004184029566695 0.00025879917184265007 0.00013990362194932378
0 1.0 0.023459046962174677 0.18335191726789857 0.00025879917184265007 0.00013990362194932378
0 1.0 0.02395949899775119 0.16877813802089447 0.00025879917184265007 0.00013990362194932378
0 1.0 0.024769250549806866 0.14519717615911854 0.00025879917184265007 0.00013990362194932378
0 1.0 0.027780291441635938 0.05306814847613355 0.00025879917184265007 0.00013990362194932378
0 1.0 0.026330092773298088 0.09275917491409198 0.00025879917184265007 0.00013990362194932378
0 1.0 0.02509043702034365 0.12668589863855068 0.00025879917184265007 0.00013990362194932378
0 1.0 0.02461884984220493 0.13492345049634769 0.00025879917184265007 0.00013990362194932378
0 1.0 0.0233574654025005 0.16840967558610095 0.00025879917184265007 0.00013990362194932378
0 1.0 0.02124865958464779 0.22439256554766107 0.00025879917184265007 0.00013990362194932378
0 1.0 0.02633380215005385 0.09963444381851355 0.00025879917184265007 0.00013990362194932378
0 1.0 0.027348412143754077 0.07008719727243351 0.00025879917184265007 0.00013990362194932378
0 1.0 0.02821641182547497 0.04481193905221822 0.00025879917184265007 0.00013990362194932378
0 1.0 0.02867426335993506 0.030011366572702994 0.00025879917184265007 0.00013990362194932378
0 1.0 0.02865555666101378 0.029118269963525057 0.00025879917184265007 0.00013990362194932378
0 1.0 0.02860513300409695 0.030498206795508843 0.00025879917184265007 0.00013990362194932378
0 1.0 0.028121773320842283 0.04372611329768247 0.00025879917184265007 0.00013990362194932378
0 1.0 0.028033633736605425 0.046135113427493976 0.00025879917184265007 0.00013990362194932378
0 1.0 -0.025929333458092403 3.986672418470386 0.00025879917184265007 0.00013990362194932378
0 1.0 0.008318350763102585 1.8813491310365313 0.00025879917184265007 0.00013990362194932378
0 1.0 0.016735271503082245 1.3638201437064061 0.00025879917184265007 0.00013990362194932378
0 1.0 0.024126471489795617 0.9093593780122438 0.00025879917184265007 0.00013990362194932378
0 1.0 0.1022171925429787 -3.3306968840670086 0.00025879917184265007 0.00013990362194932378
0 1.0 0.053923998884600206 -0.7746917379809974 0.00025879917184265007 0.00013990362194932378
0 1.0 0.05364099865991625 -0.8203707036906684 0.00025879917184265007 0.00013990362194932378
0 1.0 0.07709715594999382 -2.162880443503029 0.00025879917184265007 0.00013990362194932378
0 1.0 -0.047157324408454764 4.900787366651745 0.00025879917184265007 0.00013990362194932378
0 1.0 0.003568614655025386 2.0159802714397204 0.00025879917184265007 0.00013990362194932378
0 1.0 0.020025847327876427 1.0792932836646911 0.00025879917184265007 0.00013990362194932378
0 1.0 1.6471913502756075 -91.42021577156987 0.00025879917184265007 0.00013990362194932378
0 1.0 0.02329404939499055 0.8932788782941429 0.00025879917184265007 0.00013990362194932378
0 1.0 0.028841393603766967 0.5775634151125312 0.00025879917184265007 0.00013990362194932378
0 1.0 0.03273434621421365 0.33494797402256976 0.00025879917184265007 0.00013990362194932378
0 1.0 0.03155157010865999 0.3975098762025685 0.00025879917184265007 0.00013990362194932378
0 1.0 0.030566135490245738 0.44963357392738257 0.00025879917184265007 0.00013990362194932378
0 1.0 0.1072156300064721 -3.346881658361975 0.00025879917184265007 0.00013990362194932378
0 1.0 0.029852084599635047 0.5200367149036333 0.00025879917184265007 0.00013990362194932378
0 1.0 0.030989166716524533 0.45531606109488115 0.00025879917184265007 0.00013990362194932378
0 1.0 0.033322673362390594 0.32251101027460377 0.00025879917184265007 0.00013990362194932378
0 1.0 0.03488818682862494 0.23346090362551075 0.00025879917184265007 0.00013990362194932378
0 1.0 0.03532310803351369 0.19804833493067098 0.00025879917184265007 0.00013990362194932378
0 1.0 0.03491421549146682 0.21967107875614228 0.00025879917184265007 0.00013990362194932378
0 1.0 0.034351348394224525 0.24943618767823608 0.00025879917184265007 0.00013990362194932378
0 1.0 0.03383717780302325 0.276626090953711 0.00025879917184265007 0.00013990362194932378
0 1.0 0.027061558096084428 0.6788457201322861 0.00025879917184265007 0.00013990362194932378
0 1.0 0.03165781118605783 0.41725802940919876 0.00025879917184265007 0.00013990362194932378
0 1.0 0.03287567675259242 0.3479393280185719 0.00025879917184265007 0.00013990362194932378
0 1.0 0.035370194033864766 0.20602733457510805 0.00025879917184265007 0.00013990362194932378
0 1.0 0.03506238292523969 0.21183580142946196 0.00025879917184265007 0.00013990362194932378
0 1.0 0.03475322382124352 0.2281845175825082 0.00025879917184265007 0.00013990362194932378
0 1.0 0.03315844273754959 0.3125175479868515 0.00025879917184265007 0.00013990362194932378
0 1.0 0.032281972758606205 0.3588758702200457 0.00025879917184265007 0.00013990362194932378
0 1.0 -0.017102608435517263 2.9688475518262316 0.00025879917184265007 0.00013990362194932378
0 1.0 0.02824811397339877 0.04026869430679821 0.00025879917184265007 0.00013990362194932378
0 1.0 0.028177103326770227 0.04221203227031245 0.00025879917184265007 0.00013990362194932378
0 1.0 0.027543976979320914 0.05953628493817397 0.00025879917184265007 0.00013990362194932378
0 1.0 0.026856097163981563 0.07836378821048341 0.00025879917184265007 0.00013990362194932378
0 1.0 0.02574949005025987 0.10864885730584203 0.00025879917184265007 0.00013990362194932378
0 1.0 0.021885382192492715 0.2144001684996009 0.00025879917184265007 0.00013990362194932378
0 1.0 0.018782156713794036 0.2995835173517241 0.00025879917184265007 0.00013990362194932378
0 1.0 0.01435975355636452 0.42218971641588926 0.00025879917184265007 0.00013990362194932378
0 1.0 -0.01626642734930311 1.2321627296757005 0.00025879917184265007 0.00013990362194932378
0 1.0 0.9616374851583884 -25.059135829155075 0.00025879917184265007 0.00013990362194932378
0 1.0 0.027893142516297195 0.05205480321055347 0.00025879917184265007 0.00013990362194932378
0 1.0 0.028461717383926246 0.03601056274256201 0.00025879917184265007 0.00013990362194932378
0 1.0 0.028708643921875453 0.028067852013068145 0.00025879917184265007 0.00013990362194932378
0 1.0 0.02855947545681408 0.031747710203354915 0.00025879917184265007 0.00013990362194932378
0 1.0 0.02850951552366847 0.03311495637482507 0.00025879917184265007 0.00013990362194932378
0 1.0 0.028453271023854285 0.0346541913616507 0.00025879917184265007 0.00013990362194932378
0 1.0 0.028392907174533622 0.03630615998295223 0.00025879917184265007 0.00013990362194932378
0 1.0 0.02832194721832557 0.0382481107091549 0.00025879917184265007 0.00013990362194932378
0 1.0 -0.444571131500914 14.475896243660594 0.00025879917184265007 0.00013990362194932378
0 1.0 -0.041974970035728275 2.186145403145402 0.00025879917184265007 0.00013990362194932378
0 1.0 -0.008854091414401435 1.1750892013334724 0.00025879917184265007 0.00013990362194932378
0 1.0 0.0034314022800377964 0.8000591565663019 0.00025879917184265007 0.00013990362194932378
0 1.0 0.009837715019926592 0.6044984560044333 0.00025879917184265007 0.00013990362194932378
0 1.0 0.013770181509261747 0.48445500311427564 0.00025879917184265007 0.00013990362194932378
0 1.0 0.016429877618446064 0.40326445630328883 0.00025879917184265007 0.00013990362194932378
0 1.0 0.01834863042339134 0.3446921296037549 0.00025879917184265007 0.00013990362194932378
0 1.0 0.03252722076864847 0.3677728112555758 0.00025879917184265007 0.00013990362194932378
0 1.0 0.0321335436151583 0.39018020152669447 0.00025879917184265007 0.00013990362194932378
0 1.0 0.06227408241861009 -1.1244343064082434 0.00025879917184265007 0.00013990362194932378
0 1.0 0.03519396546606778 0.20487755377352013 0.00025879917184265007 0.00013990362194932378
0 1.0 0.03455634064014498 0.23859594393703779 0.00025879917184265007 0.00013990362194932378
0 1.0 0.03410020276830561 0.2627170792908535 0.00025879917184265007 0.00013990362194932378
0 1.0 0.03353024594875672 0.2928566233365072 0.00025879917184265007 0.00013990362194932378
0 1.0 0.0635887051350548 -1.28924685050017 0.00025879917184265007 0.00013990362194932378
0 1.0 0.027514649710053327 0.6110223329342823 0.00025879917184265007 0.00013990362194932378
0 1.0 0.01919000026622443 1.0511943014576508 0.00025879917184265007 0.00013990362194932378
0 1.0 0.07656428321984945 -1.837982650839287 0.00025879917184265007 0.00013990362194932378
0 1.0 0.04064622955310039 -0.29103105853843114 0.00025879917184265007 0.00013990362194932378
0 1.0 0.03961396505250914 -0.26375811089023415 0.00025879917184265007 0.00013990362194932378
0 1.0 0.03876838411348028 -0.24141743689704778 0.00025879917184265007 0.00013990362194932378
0 1.0 0.03806304239810146 -0.2227819537756208 0.00025879917184265007 0.00013990362194932378
0 1.0 0.03746571661894661 -0.20700030605405517 0.00025879917184265007 0.00013990362194932378
