0 1.0 0.05174039324620105 -0.7076213405084283 0.00025879917184265007 0.00013990362194932378
0 1.0 0.06087725460842317 -1.2408050812318083 0.00025879917184265007 0.00013990362194932378
0 1.0 0.06152706695252731 -1.3858810336268423 0.00025879917184265007 0.00013990362194932378
0 1.0 0.14615828310632867 -6.586305545131568 0.00025879917184265007 0.00013990362194932378
0 1.0 0.07389668966932464 -2.145970420237996 0.00025879917184265007 0.00013990362194932378
0 1.0 0.09553284749959698 -3.780321855907822 0.00025879917184265007 0.00013990362194932378
0 1.0 0.02828901798453864 0.03749377914009428 0.00025879917184265007 0.00013990362194932378
0 1.0 0.02788165055191927 0.050293859714620366 0.00025879917184265007 0.00013990362194932378
0 1.0 0.028097496683990066 0.04257995304852525 0.00025879917184265007 0.00013990362194932378
0 1.0 0.028457935970894833 0.03300787468764596 0.00025879917184265007 0.00013990362194932378
0 1.0 0.06900835776757784 -1.1018385682987388 0.00025879917184265007 0.00013990362194932378
0 1.0 -0.018531362622851218 1.4229110969591483 0.00025879917184265007 0.00013990362194932378
0 1.0 -0.00040060107598692535 0.8871510542748122 0.00025879917184265007 0.00013990362194932378
0 1.0 0.024391828070252728 0.15618818330637185 0.00025879917184265007 0.00013990362194932378
0 1.0 0.02564825736171554 0.11959866387434742 0.00025879917184265007 0.00013990362194932378
0 1.0 0.025885531414801998 0.1126888360933352 0.00025879917184265007 0.00013990362194932378
0 1.0 0.02609982970550766 0.10644810195793426 0.00025879917184265007 0.00013990362194932378
0 1.0 0.026471671913871824 0.09561949300383331 0.00025879917184265007 0.00013990362194932378
0 1.0 0.026634013293545245 0.09089189620141463 0.00025879917184265007 0.00013990362194932378
0 1.0 0.026920727124971754 0.08254240825577776 0.00025879917184265007 0.00013990362194932378
0 1.0 0.027047948249583387 0.07883755997172323 0.00025879917184265007 0.00013990362194932378
0 1.0 0.027275744120177834 0.07220360480502298 0.00025879917184265007 0.00013990362194932378
0 1.0 0.02737811197925188 0.06922220944875493 0.00025879917184265007 0.00013990362194932378
0 1.0 0.007547380382717353 0.6522899385647493 0.00025879917184265007 0.00013990362194932378
0 1.0 0.027473802074459288 0.06643529949408011 0.00025879917184265007 0.00013990362194932378
0 1.0 0.0276476317527539 0.06137359160555856 0.00025879917184265007 0.00013990362194932378
0 1.0 0.027726809047681142 0.05906836168375338 0.00025879917184265007 0.00013990362194932378
0 1.0 0.027871953364013675 0.05484251611404611 0.00025879917184265007 0.00013990362194932378
0 1.0 0.027938733945643404 0.0528982138350929 0.00025879917184265007 0.00013990362194932378
0 1.0 0.02806471270562286 0.04923036931876519 0.00025879917184265007 0.00013990362194932378
0 1.0 0.028125754638817002 0.047453146555430294 0.00025879917184265007 0.00013990362194932378
0 1.0 0.028245034022158926 0.04397797677486039 0.00025879917184265007 0.00013990362194932378
0 1.0 0.02851017472213702 0.036256670556708684 0.00025879917184265007 0.00013990362194932378
0 1.0 0.028624982214250538 0.032913336135712866 0.00025879917184265007 0.00013990362194932378
0 1.0 0.012232049845930104 0.5138589793860388 0.00025879917184265007 0.00013990362194932378
0 1.0 0.02873645748538353 0.029667040060364143 0.00025879917184265007 0.00013990362194932378
0 1.0 0.015309552152119819 0.42291945857972735 0.00025879917184265007 0.00013990362194932378
0 1.0 0.01749119388734505 0.35845242192685384 0.00025879917184265007 0.00013990362194932378
0 1.0 0.02133812437693726 0.2451157934436181 0.00025879917184265007 0.00013990362194932378
0 1.0 0.02217732610323337 0.22067720625982362 0.00025879917184265007 0.00013990362194932378
0 1.0 0.022872997361839276 0.2004184029566695 0.00025879917184265007 0.00013990362194932378
0 1.0 0.023459046962174677 0.18335191726789857 0.00025879917184265007 0.00013990362194932378
0 1.0 0.02395949899775119 0.16877813802089447 0.00025879917184265007 0.00013990362194932378
0 1.0 0.024769061548930264 0.14520268009727283 0.00025879917184265007 0.00013990362194932378
0 1.0 0.028469119445379592 0.03422046993149648 0.00025879917184265007 0.00013990362194932378
0 1.0 0.02827819218823751 0.03944554820764186 0.00025879917184265007 0.00013990362194932378
0 1.0 0.027962842554700048 0.04807156257517394 0.00025879917184265007 0.00013990362194932378
0 1.0 0.028128533545781532 0.04354123435135562 0.00025879917184265007 0.00013990362194932378
0 1.0 0.028038528278446048 0.046001337530642235 0.00025879917184265007 0.00013990362194932378
0 1.0 0.028669729785084752 0.028730396153379478 0.00025879917184265007 0.00013990362194932378
0 1.0 0.02857240806802179 0.029967873434611495 0.00025879917184265007 0.00013990362194932378
0 1.0 0.027327411502034132 0.0654638814410117 0.00025879917184265007 0.00013990362194932378
0 1.0 0.027746512786579827 0.05189291351650809 0.00025879917184265007 0.00013990362194932378
0 1.0 0.026169899107346184 0.0971432633545893 0.00025879917184265007 0.00013990362194932378
0 1.0 0.02629433599412494 0.10078375074782889 0.00025879917184265007 0.00013990362194932378
0 1.0 0.024419959038952065 0.145035529193307 0.00025879917184265007 0.00013990362194932378
0 1.0 0.021251408752834527 0.22431958282977393 0.00025879917184265007 0.00013990362194932378
0 1.0 0.026783185063717352 0.08654781593613926 0.00025879917184265007 0.00013990362194932378
0 1.0 0.027165969239009487 0.07540063185548056 0.00025879917184265007 0.00013990362194932378
0 1.0 0.027563451356804283 0.06382448573816002 0.00025879917184265007 0.00013990362194932378
0 1.0 0.027801456623349236 0.05689501356446721 0.00025879917184265007 0.00013990362194932378
0 1.0 0.02800233531906518 0.05104647351970927 0.00025879917184265007 0.00013990362194932378
0 1.0 0.028550958717218175 0.03198078656820868 0.00025879917184265007 0.00013990362194932378
0 1.0 0.028515666123280676 0.03294663381627543 0.00025879917184265007 0.00013990362194932378
0 1.0 0.23640003770873916 -11.218993629103993 0.00025879917184265007 0.00013990362194932378
0 1.0 0.012138679334507779 1.5282027556667248 0.00025879917184265007 0.00013990362194932378
0 1.0 0.01668800282927217 1.3667265401957112 0.00025879917184265007 0.00013990362194932378
0 1.0 0.024126471489795617 0.9093593780122438 0.00025879917184265007 0.00013990362194932378
0 1.0 0.0736131070901795 -1.8205308774167892 0.00025879917184265007 0.00013990362194932378
0 1.0 0.06083693743629654 -1.1419217885529838 0.00025879917184265007 0.00013990362194932378
0 1.0 0.05480871349231254 -0.8891436907853217 0.00025879917184265007 0.00013990362194932378
0 1.0 0.09436655655309746 -3.1446181546012966 0.00025879917184265007 0.00013990362194932378
0 1.0 -0.012298625530486483 2.918444236130127 0.00025879917184265007 0.00013990362194932378
0 1.0 0.0192608046520668 1.1228367841892708 0.00025879917184265007 0.00013990362194932378
0 1.0 0.07119307024829459 -1.827242645983128 0.00025879917184265007 0.00013990362194932378
0 1.0 0.02329404939499055 0.8932788782941429 0.00025879917184265007 0.00013990362194932378
0 1.0 0.028825491277592256 0.5784685467048938 0.00025879917184265007 0.00013990362194932378
0 1.0 0.03485461703609374 0.2228227188581476 0.00025879917184265007 0.00013990362194932378
0 1.0 0.034488537945994574 0.24218143434229797 0.00025879917184265007 0.00013990362194932378
0 1.0 0.03426434064462137 0.2540372651913687 0.00025879917184265007 0.00013990362194932378
0 1.0 0.03241932907333277 0.3516105287193332 0.00025879917184265007 0.00013990362194932378
0 1.0 0.031667957015451484 0.39135369309780954 0.00025879917184265007 0.00013990362194932378
0 1.0 0.030907105060902305 0.43159828827559493 0.00025879917184265007 0.00013990362194932378
0 1.0 0.030064228952525446 0.47618147895261964 0.00025879917184265007 0.00013990362194932378
0 1.0 0.01995441278619925 1.0107754902617165 0.00025879917184265007 0.00013990362194932378
0 1.0 -0.014175684245043804 2.814319226710266 0.00025879917184265007 0.00013990362194932378
0 1.0 0.10822505066851874 -3.396558002741398 0.00025879917184265007 0.00013990362194932378
0 1.0 0.02975695543111895 0.5254512948105683 0.00025879917184265007 0.00013990362194932378
0 1.0 0.03051608589975907 0.48224296400774685 0.00025879917184265007 0.00013990362194932378
0 1.0 0.0328712539018832 0.34819106866715477 0.00025879917184265007 0.00013990362194932378
0 1.0 0.03317417631469523 0.3309516784616777 0.00025879917184265007 0.00013990362194932378
0 1.0 0.03368363884194816 0.30199349907003936 0.00025879917184265007 0.00013990362194932378
0 1.0 0.034272615956080436 0.26849628453638846 0.00025879917184265007 0.00013990362194932378
0 1.0 0.03499643071595657 0.22730017381667156 0.00025879917184265007 0.00013990362194932378
0 1.0 0.035298234721721965 0.19936366645095543 0.00025879917184265007 0.00013990362194932378
0 1.0 0.02677740773737781 0.6950185451061461 0.00025879917184265007 0.00013990362194932378
0 1.0 0.031146653980183837 0.4463521713993263 0.00025879917184265007 0.00013990362194932378
0 1.0 0.026936008526534015 0.6416190561360114 0.00025879917184265007 0.00013990362194932378
0 1.0 0.37859393480463355 -17.922135644834686 0.00025879917184265007 0.00013990362194932378
0 1.0 0.06229580856148799 -1.1255264842711872 0.00025879917184265007 0.00013990362194932378
0 1.0 0.03252743943746279 0.36776036502287157 0.00025879917184265007 0.00013990362194932378
0 1.0 0.033443199581168634 0.315660222084959 0.00025879917184265007 0.00013990362194932378
0 1.0 0.03409519148260483 0.2785944459153285 0.00025879917184265007 0.00013990362194932378
0 1.0 0.03443453675140259 0.2592805191476621 0.00025879917184265007 0.00013990362194932378
0 1.0 0.03504139089744862 0.21294588584682866 0.00025879917184265007 0.00013990362194932378
0 1.0 0.03469066759492787 0.2314925682736272 0.00025879917184265007 0.00013990362194932378
0 1.0 0.03325090869110111 0.30762795561459494 0.00025879917184265007 0.00013990362194932378
0 1.0 0.028714562784798316 0.5475697337404272 0.00025879917184265007 0.00013990362194932378
0 1.0 0.028629176491719557 0.029840212192013285 0.00025879917184265007 0.00013990362194932378
0 1.0 0.028586538266404157 0.03100708625789416 0.00025879917184265007 0.00013990362194932378
0 1.0 0.02840337375198107 0.03601972269125899 0.00025879917184265007 0.00013990362194932378
0 1.0 0.028345546645101374 0.037602268653801 0.00025879917184265007 0.00013990362194932378
0 1.0 0.02820842826411907 0.041354767298861575 0.00025879917184265007 0.00013990362194932378
0 1.0 0.02777859511347724 0.05311457848260608 0.00025879917184265007 0.00013990362194932378
0 1.0 0.027688626036901257 0.05557711191774337 0.00025879917184265007 0.00013990362194932378
0 1.0 0.02753551107554719 0.05976800423434629 0.00025879917184265007 0.00013990362194932378
0 1.0 0.028539259189526177 0.030848198288375556 0.00025879917184265007 0.00013990362194932378
0 1.0 0.027042122213214947 0.07327255638692709 0.00025879917184265007 0.00013990362194932378
0 1.0 0.026656727215270223 0.08382003070505474 0.00025879917184265007 0.00013990362194932378
0 1.0 0.025396920759017325 0.11829789303798507 0.00025879917184265007 0.00013990362194932378
0 1.0 0.023892838055319665 0.15946143107571306 0.00025879917184265007 0.00013990362194932378
0 1.0 0.022798032107329398 0.18942336330073664 0.00025879917184265007 0.00013990362194932378
0 1.0 0.021563070703205227 0.2232209782651184 0.00025879917184265007 0.00013990362194932378
0 1.0 0.019956738504332983 0.2672286278674297 0.00025879917184265007 0.00013990362194932378
0 1.0 0.01699369627785557 0.34914397266605224 0.00025879917184265007 0.00013990362194932378
0 1.0 0.004894698720744257 0.6846790881321816 0.00025879917184265007 0.00013990362194932378
0 1.0 -0.22386322790768876 6.813477410524405 0.00025879917184265007 0.00013990362194932378
0 1.0 0.027565869647510302 0.061293441874461445 0.00025879917184265007 0.00013990362194932378
0 1.0 0.028056162060917097 0.047452898159637644 0.00025879917184265007 0.00013990362194932378
0 1.0 0.02837351630375594 0.03850007391690299 0.00025879917184265007 0.00013990362194932378
0 1.0 0.02865239567897988 0.030628590715420193 0.00025879917184265007 0.00013990362194932378
0 1.0 0.028731016256860736 0.028409493094511268 0.00025879917184265007 0.00013990362194932378
0 1.0 -0.444571131500914 14.475896243660594 0.00025879917184265007 0.00013990362194932378
0 1.0 -0.041974970035728275 2.186145403145402 0.00025879917184265007 0.00013990362194932378
0 1.0 -0.008854091414401435 1.1750892013334724 0.00025879917184265007 0.00013990362194932378
0 1.0 0.0034314022800377964 0.8000591565663019 0.00025879917184265007 0.00013990362194932378
0 1.0 0.009837715019926592 0.6044984560044333 0.00025879917184265007 0.00013990362194932378
0 1.0 0.013770181509261747 0.48445500311427564 0.00025879917184265007 0.00013990362194932378
0 1.0 0.016429877618446064 0.40326445630328883 0.00025879917184265007 0.00013990362194932378
0 1.0 0.01834863042339134 0.3446921296037549 0.00025879917184265007 0.00013990362194932378
0 1.0 0.032133831924267234 0.3901637914946014 0.00025879917184265007 0.00013990362194932378
0 1.0 0.031678773974458084 0.4160648654760351 0.00025879917184265007 0.00013990362194932378
0 1.0 0.010991033589187226 1.4847200188698495 0.00025879917184265007 0.00013990362194932378
0 1.0 0.03389981815577339 0.2897057271228724 0.00025879917184265007 0.00013990362194932378
0 1.0 0.03459288001052987 0.25026837018865944 0.00025879917184265007 0.00013990362194932378
0 1.0 0.035416454704193544 0.2033943961460021 0.00025879917184265007 0.00013990362194932378
0 1.0 0.035167950480459474 0.20625325841859765 0.00025879917184265007 0.00013990362194932378
0 1.0 0.024100655651857244 0.7915401910216509 0.00025879917184265007 0.00013990362194932378
0 1.0 0.03399213011021347 0.26843209524288425 0.00025879917184265007 0.00013990362194932378
0 1.0 0.033631243032095345 0.28751590549015404 0.00025879917184265007 0.00013990362194932378
0 1.0 0.03287086106988265 0.3277271407588804 0.00025879917184265007 0.00013990362194932378
0 1.0 0.04064622955310039 -0.29103105853843114 0.00025879917184265007 0.00013990362194932378
0 1.0 0.03961396505250914 -0.26375811089023415 0.00025879917184265007 0.00013990362194932378
0 1.0 0.03876838411348028 -0.24141743689704778 0.00025879917184265007 0.00013990362194932378
0 1.0 0.03806304239810146 -0.2227819537756208 0.00025879917184265007 0.00013990362194932378
0 1.0 0.03746571661894661 -0.20700030605405517 0.00025879917184265007 0.00013990362194932378
