0 1.0 0.02851782476619371 0.031417425859322425 0.00025879917184265007 0.00013990362194932378
0 1.0 0.13070704691176818 -5.636856971768087 0.00025879917184265007 0.00013990362194932378
0 1.0 0.08937041431319835 -3.3689904865261835 0.00025879917184265007 0.00013990362194932378
0 1.0 0.027249702215505198 0.06759086826654258 0.00025879917184265007 0.00013990362194932378
0 1.0 0.026811694377313313 0.07957897822814985 0.00025879917184265007 0.00013990362194932378
0 1.0 0.02431587383111608 0.1478840649987015 0.00025879917184265007 0.00013990362194932378
0 1.0 0.017600404413222397 0.3323184560648939 0.00025879917184265007 0.00013990362194932378
0 1.0 -0.0002070411576790263 0.8261629483532121 0.00025879917184265007 0.00013990362194932378
0 1.0 0.15681998407813513 -3.5285846904570652 0.00025879917184265007 0.00013990362194932378
0 1.0 0.05169881293180815 -0.6617362657940257 0.00025879917184265007 0.00013990362194932378
0 1.0 0.09416736661785234 -3.133294526434035 0.00025879917184265007 0.00013990362194932378
0 1.0 -0.018531362622851218 1.4229110969591483 0.00025879917184265007 0.00013990362194932378
0 1.0 -0.00040060107598692535 0.8871510542748122 0.00025879917184265007 0.00013990362194932378
0 1.0 0.024775063425162846 0.145027898074095 0.00025879917184265007 0.00013990362194932378
0 1.0 0.02615924190917716 0.10471791658744604 0.00025879917184265007 0.00013990362194932378
0 1.0 0.027118806163187584 0.07677408332482522 0.00025879917184265007 0.00013990362194932378
0 1.0 0.0274429439609907 0.06733402138814554 0.00025879917184265007 0.00013990362194932378
0 1.0 0.02792817178849084 0.05320572877014158 0.00025879917184265007 0.00013990362194932378
0 1.0 0.028180373773727854 0.04586197640743624 0.00025879917184265007 0.00013990362194932378
0 1.0 0.02849141753751761 0.03680290268689967 0.00025879917184265007 0.00013990362194932378
0 1.0 0.02866427134658653 0.03176918860586275 0.00025879917184265007 0.00013990362194932378
0 1.0 0.028739762113038535 0.02957080526606454 0.00025879917184265007 0.00013990362194932378
0 1.0 0.007547380382717353 0.6522899385647493 0.00025879917184265007 0.00013990362194932378
0 1.0 0.012232049845930104 0.5138589793860388 0.00025879917184265007 0.00013990362194932378
0 1.0 0.015309552152119819 0.42291945857972735 0.00025879917184265007 0.00013990362194932378
0 1.0 0.01749119388734505 0.35845242192685384 0.00025879917184265007 0.00013990362194932378
0 1.0 0.02133812437693726 0.2451157934436181 0.00025879917184265007 0.00013990362194932378
0 1.0 0.022177354153093545 0.2206763894133711 0.00025879917184265007 0.00013990362194932378
0 1.0 0.022873455800636378 0.2004050526546378 0.00025879917184265007 0.00013990362194932378
0 1.0 0.02346393570027379 0.18320955119725058 0.00025879917184265007 0.00013990362194932378
0 1.0 0.024028723824850384 0.16676222585182196 0.00025879917184265007 0.00013990362194932378
0 1.0 0.025504489219676033 0.1237856215895813 0.00025879917184265007 0.00013990362194932378
0 1.0 0.02618385871175352 0.0967612249016174 0.00025879917184265007 0.00013990362194932378
0 1.0 0.02325106918704773 0.171234197204732 0.00025879917184265007 0.00013990362194932378
0 1.0 0.02192690792229723 0.20638697122892843 0.00025879917184265007 0.00013990362194932378
0 1.0 0.02044019433623492 0.24585505424931417 0.00025879917184265007 0.00013990362194932378
0 1.0 0.02774277452469747 0.05860353025237192 0.00025879917184265007 0.00013990362194932378
0 1.0 0.028217628413851413 0.04290007268236435 0.00025879917184265007 0.00013990362194932378
0 1.0 0.02870132526165148 0.029247533447395984 0.00025879917184265007 0.00013990362194932378
0 1.0 0.028640736216579882 0.02952385889521331 0.00025879917184265007 0.00013990362194932378
0 1.0 0.028545540206937565 0.03212907414526849 0.00025879917184265007 0.00013990362194932378
0 1.0 0.028491926680324228 0.03359630767393351 0.00025879917184265007 0.00013990362194932378
0 1.0 0.027890801604488893 0.050043387288126503 0.00025879917184265007 0.00013990362194932378
0 1.0 0.027662923481924204 0.056280613647540376 0.00025879917184265007 0.00013990362194932378
0 1.0 -0.0061954430159576026 2.7737549441407503 0.00025879917184265007 0.00013990362194932378
0 1.0 0.010522452075004608 1.7458261345440722 0.00025879917184265007 0.00013990362194932378
0 1.0 0.01784994040564307 1.2952827906563085 0.00025879917184265007 0.00013990362194932378
0 1.0 0.024126471489795617 0.9093593780122438 0.00025879917184265007 0.00013990362194932378
0 1.0 0.06621374571119473 -1.4294926516094133 0.00025879917184265007 0.00013990362194932378
0 1.0 0.05402776071462241 -0.8431491946878478 0.00025879917184265007 0.00013990362194932378
0 1.0 0.06353045102226905 -1.3916350396239425 0.00025879917184265007 0.00013990362194932378
0 1.0 -0.9525354924092216 56.37008330571832 0.00025879917184265007 0.00013990362194932378
0 1.0 0.0053148510083881936 1.9165907262901833 0.00025879917184265007 0.00013990362194932378
0 1.0 0.018007804022797072 1.1941531110859047 0.00025879917184265007 0.00013990362194932378
0 1.0 0.021972550710189633 0.9684938702081112 0.00025879917184265007 0.00013990362194932378
0 1.0 -0.026099876399011977 3.7033231674877274 0.00025879917184265007 0.00013990362194932378
0 1.0 0.02463438157984987 0.8169919507279476 0.00025879917184265007 0.00013990362194932378
0 1.0 0.029756365796017748 0.5254848557721635 0.00025879917184265007 0.00013990362194932378
0 1.0 0.031245831771300168 0.4136816367452159 0.00025879917184265007 0.00013990362194932378
0 1.0 0.025845788743486815 0.6992651391364672 0.00025879917184265007 0.00013990362194932378
0 1.0 0.25834677530249833 -11.573630884001517 0.00025879917184265007 0.00013990362194932378
0 1.0 0.030515592793742632 0.4822710307087424 0.00025879917184265007 0.00013990362194932378
0 1.0 0.031146241763099755 0.44637563404885594 0.00025879917184265007 0.00013990362194932378
0 1.0 0.03530204769914882 0.2099059014484646 0.00025879917184265007 0.00013990362194932378
0 1.0 0.03533022670309021 0.19767189087067222 0.00025879917184265007 0.00013990362194932378
0 1.0 0.0350705508803913 0.21140386984925638 0.00025879917184265007 0.00013990362194932378
0 1.0 0.03455272667729619 0.23878705476650702 0.00025879917184265007 0.00013990362194932378
0 1.0 0.033797578098505913 0.27872012022302156 0.00025879917184265007 0.00013990362194932378
0 1.0 0.033114955522101905 0.3148171485292854 0.00025879917184265007 0.00013990362194932378
0 1.0 0.028824767300410056 0.5785097541743263 0.00025879917184265007 0.00013990362194932378
0 1.0 0.031681829917459936 0.4158909267374488 0.00025879917184265007 0.00013990362194932378
0 1.0 0.03487188374007089 0.23438879827256043 0.00025879917184265007 0.00013990362194932378
0 1.0 0.035210916739662784 0.20398114944042597 0.00025879917184265007 0.00013990362194932378
0 1.0 0.03474481988155798 0.2286289283170133 0.00025879917184265007 0.00013990362194932378
0 1.0 0.034338402535506234 0.2501207807140127 0.00025879917184265007 0.00013990362194932378
0 1.0 0.0321524178450276 0.3657285634662008 0.00025879917184265007 0.00013990362194932378
0 1.0 0.029901473023902645 0.48479031069846323 0.00025879917184265007 0.00013990362194932378
0 1.0 0.061168280248587975 -1.0688453941155238 0.00025879917184265007 0.00013990362194932378
0 1.0 0.024457626719395956 0.14902415766585886 0.00025879917184265007 0.00013990362194932378
0 1.0 0.026395852798569805 0.0943171418819085 0.00025879917184265007 0.00013990362194932378
0 1.0 0.028091486756392794 0.044553895029603156 0.00025879917184265007 0.00013990362194932378
0 1.0 0.028008745162039925 0.04681535919763507 0.00025879917184265007 0.00013990362194932378
0 1.0 0.025274457460792345 0.12164944057714898 0.00025879917184265007 0.00013990362194932378
0 1.0 0.02317905566451358 0.17899576011000995 0.00025879917184265007 0.00013990362194932378
0 1.0 0.020448556837478413 0.25372226387655966 0.00025879917184265007 0.00013990362194932378
0 1.0 -0.0006055277098338874 0.8111138077368253 0.00025879917184265007 0.00013990362194932378
0 1.0 -0.2777971460479152 8.26351020631924 0.00025879917184265007 0.00013990362194932378
0 1.0 0.028587612211745963 0.03245713028976507 0.00025879917184265007 0.00013990362194932378
0 1.0 0.028688570129212356 0.02821479521567287 0.00025879917184265007 0.00013990362194932378
0 1.0 0.028597036828665448 0.030719773642485928 0.00025879917184265007 0.00013990362194932378
0 1.0 0.028440508084710305 0.03500347284748575 0.00025879917184265007 0.00013990362194932378
0 1.0 0.0283807018136532 0.03664018230613139 0.00025879917184265007 0.00013990362194932378
0 1.0 0.028317655811297818 0.0383655530166096 0.00025879917184265007 0.00013990362194932378
0 1.0 0.02825215385812591 0.040158135373297245 0.00025879917184265007 0.00013990362194932378
0 1.0 0.028172280256266533 0.04234402453422668 0.00025879917184265007 0.00013990362194932378
0 1.0 -0.444571131500914 14.475896243660594 0.00025879917184265007 0.00013990362194932378
0 1.0 -0.041974970035728275 2.186145403145402 0.00025879917184265007 0.00013990362194932378
0 1.0 -0.008854091414401435 1.1750892013334724 0.00025879917184265007 0.00013990362194932378
0 1.0 0.0034314022800377964 0.8000591565663019 0.00025879917184265007 0.00013990362194932378
0 1.0 0.009837715019926592 0.6044984560044333 0.00025879917184265007 0.00013990362194932378
0 1.0 0.013770181509261747 0.48445500311427564 0.00025879917184265007 0.00013990362194932378
0 1.0 0.016429877618446064 0.40326445630328883 0.00025879917184265007 0.00013990362194932378
0 1.0 0.01834863042339134 0.3446921296037549 0.00025879917184265007 0.00013990362194932378
0 1.0 0.033446827285391244 0.31545402103181225 0.00025879917184265007 0.00013990362194932378
0 1.0 0.03227265758070156 0.38226208666924194 0.00025879917184265007 0.00013990362194932378
0 1.0 0.03490011654828 0.22041664832611405 0.00025879917184265007 0.00013990362194932378
0 1.0 0.03409713174376747 0.26287947887030744 0.00025879917184265007 0.00013990362194932378
0 1.0 0.033463375245894315 0.29639274085960454 0.00025879917184265007 0.00013990362194932378
0 1.0 0.032703250921221956 0.336592732205687 0.00025879917184265007 0.00013990362194932378
0 1.0 0.059561237456631305 -1.0726305975439219 0.00025879917184265007 0.00013990362194932378
0 1.0 0.09330844216416079 -2.6624710072034676 0.00025879917184265007 0.00013990362194932378
0 1.0 0.07015450241859102 -1.5194877049050484 0.00025879917184265007 0.00013990362194932378
0 1.0 0.04064622955310039 -0.29103105853843114 0.00025879917184265007 0.00013990362194932378
0 1.0 0.03961396505250914 -0.26375811089023415 0.00025879917184265007 0.00013990362194932378
0 1.0 0.03876838411348028 -0.24141743689704778 0.00025879917184265007 0.00013990362194932378
0 1.0 0.03806304239810146 -0.2227819537756208 0.00025879917184265007 0.00013990362194932378
0 1.0 0.03746571661894661 -0.20700030605405517 0.00025879917184265007 0.00013990362194932378
