0 1.0 0.02765444506031599 0.0565126755679471 0.00025879917184265007 0.00013990362194932378
0 1.0 0.026656739427535818 0.083819696486769 0.00025879917184265007 0.00013990362194932378
0 1.0 0.12223611782217458 -2.5720427307827762 0.00025879917184265007 0.00013990362194932378
0 1.0 0.056625423150341636 -0.772088893435466 0.00025879917184265007 0.00013990362194932378
0 1.0 0.05338093687310945 -0.8050542707639923 0.00025879917184265007 0.00013990362194932378
0 1.0 0.06076712936447701 -1.234544637837698 0.00025879917184265007 0.00013990362194932378
0 1.0 0.0768470584682489 -2.1486628030114705 0.00025879917184265007 0.00013990362194932378
0 1.0 0.08777978690604438 -2.9990598882451027 0.00025879917184265007 0.00013990362194932378
0 1.0 0.09484672472972644 -3.73452439085497 0.00025879917184265007 0.00013990362194932378
0 1.0 -0.018531362622851218 1.4229110969591483 0.00025879917184265007 0.00013990362194932378
0 1.0 -0.00040060107598692535 0.8871510542748122 0.00025879917184265007 0.00013990362194932378
0 1.0 0.028092055650377635 0.04843428535988671 0.00025879917184265007 0.00013990362194932378
0 1.0 0.028366692867304456 0.040435037449138865 0.00025879917184265007 0.00013990362194932378
0 1.0 0.02860805852918603 0.03340617451903312 0.00025879917184265007 0.00013990362194932378
0 1.0 0.028716254530703703 0.030255374780889875 0.00025879917184265007 0.00013990362194932378
0 1.0 0.02875975361255095 0.028988628378331 0.00025879917184265007 0.00013990362194932378
0 1.0 0.007547380382717353 0.6522899385647493 0.00025879917184265007 0.00013990362194932378
0 1.0 0.012232049845930104 0.5138589793860388 0.00025879917184265007 0.00013990362194932378
0 1.0 0.015309552152119819 0.42291945857972735 0.00025879917184265007 0.00013990362194932378
0 1.0 0.02473396151718954 0.1462248362237095 0.00025879917184265007 0.00013990362194932378
0 1.0 0.025586140673646385 0.1214076557345393 0.00025879917184265007 0.00013990362194932378
0 1.0 0.026265639071278334 0.10161944856304816 0.00025879917184265007 0.00013990362194932378
0 1.0 0.02730211284814034 0.07143563325800414 0.00025879917184265007 0.00013990362194932378
0 1.0 0.027653422163486797 0.06120500504178041 0.00025879917184265007 0.00013990362194932378
0 1.0 0.02787417057063153 0.05259036532850749 0.00025879917184265007 0.00013990362194932378
0 1.0 0.02808612783586781 0.046607641344411796 0.00025879917184265007 0.00013990362194932378
0 1.0 0.02872906694182304 0.028163928180295728 0.00025879917184265007 0.00013990362194932378
0 1.0 0.02865828476220509 0.029043610417878243 0.00025879917184265007 0.00013990362194932378
0 1.0 0.028564240714634447 0.03161730009067584 0.00025879917184265007 0.00013990362194932378
0 1.0 0.028454863435439095 0.03461061206709118 0.00025879917184265007 0.00013990362194932378
0 1.0 0.028319149509007054 0.03832467521022149 0.00025879917184265007 0.00013990362194932378
0 1.0 0.02822738116937362 0.04083608591728351 0.00025879917184265007 0.00013990362194932378
0 1.0 0.023412119403302727 0.17261742433413124 0.00025879917184265007 0.00013990362194932378
0 1.0 0.021197249982104243 0.22575734655205643 0.00025879917184265007 0.00013990362194932378
0 1.0 0.06731342095912461 -1.487936015630903 0.00025879917184265007 0.00013990362194932378
0 1.0 0.007979549720166476 1.9021809014753628 0.00025879917184265007 0.00013990362194932378
0 1.0 0.01665480690840022 1.3687676490338532 0.00025879917184265007 0.00013990362194932378
0 1.0 0.024921949933102844 0.8604480046103085 0.00025879917184265007 0.00013990362194932378
0 1.0 0.056073776691249445 -0.883204937998093 0.00025879917184265007 0.00013990362194932378
0 1.0 0.15512310751875885 -6.598530577510468 0.00025879917184265007 0.00013990362194932378
0 1.0 -0.07472271156990216 6.467835391037352 0.00025879917184265007 0.00013990362194932378
0 1.0 0.003651843446282805 2.011243185483125 0.00025879917184265007 0.00013990362194932378
0 1.0 0.013904836363125072 1.427679396730299 0.00025879917184265007 0.00013990362194932378
0 1.0 0.019440083459257306 1.1126328738954065 0.00025879917184265007 0.00013990362194932378
0 1.0 0.022919323901854083 0.9146069168766816 0.00025879917184265007 0.00013990362194932378
0 1.0 -0.01727183048738506 3.454614592554779 0.00025879917184265007 0.00013990362194932378
0 1.0 0.025372433310233818 0.7749846785517456 0.00025879917184265007 0.00013990362194932378
0 1.0 0.029789127893462622 0.5236200965474088 0.00025879917184265007 0.00013990362194932378
0 1.0 0.09394521047635604 -2.6938081128878064 0.00025879917184265007 0.00013990362194932378
0 1.0 0.03219347655590914 0.38676892713194366 0.00025879917184265007 0.00013990362194932378
0 1.0 0.03369427211321265 0.3013890970574758 0.00025879917184265007 0.00013990362194932378
0 1.0 0.0349870367286491 0.21582020158248635 0.00025879917184265007 0.00013990362194932378
0 1.0 0.03483059214866529 0.2240931846477678 0.00025879917184265007 0.00013990362194932378
0 1.0 0.03445239496193303 0.24409272008387148 0.00025879917184265007 0.00013990362194932378
0 1.0 0.03349900609125127 0.2945085845514409 0.00025879917184265007 0.00013990362194932378
0 1.0 0.031118472119825085 0.42041821353253117 0.00025879917184265007 0.00013990362194932378
0 1.0 -0.027243521476012982 3.5042417763828677 0.00025879917184265007 0.00013990362194932378
0 1.0 0.028824767300410056 0.5785097541743263 0.00025879917184265007 0.00013990362194932378
0 1.0 0.03521787779271346 0.21469645419344013 0.00025879917184265007 0.00013990362194932378
0 1.0 0.03513237082051661 0.2081347548833913 0.00025879917184265007 0.00013990362194932378
0 1.0 0.034657751097920755 0.23323323338542828 0.00025879917184265007 0.00013990362194932378
0 1.0 0.03390998064507209 0.2727762606592049 0.00025879917184265007 0.00013990362194932378
0 1.0 0.032999206186252704 0.3209384386723889 0.00025879917184265007 0.00013990362194932378
0 1.0 0.08660000261223376 -2.506180071888929 0.00025879917184265007 0.00013990362194932378
0 1.0 0.06470131759741841 -1.246451939513349 0.00025879917184265007 0.00013990362194932378
0 1.0 0.02834164893008688 0.03939954343238759 0.00025879917184265007 0.00013990362194932378
0 1.0 0.028644351671665284 0.03085563607651443 0.00025879917184265007 0.00013990362194932378
0 1.0 0.02608837851800716 0.09937427212300766 0.00025879917184265007 0.00013990362194932378
0 1.0 0.024955026341090484 0.13039198586656464 0.00025879917184265007 0.00013990362194932378
0 1.0 0.26676364666586116 -6.3772026505881945 0.00025879917184265007 0.00013990362194932378
0 1.0 0.028612613996514397 0.03029347557195509 0.00025879917184265007 0.00013990362194932378
0 1.0 0.028509949921721185 0.03310306826695396 0.00025879917184265007 0.00013990362194932378
0 1.0 0.02839056489143262 0.03637026090144255 0.00025879917184265007 0.00013990362194932378
0 1.0 0.028133292644990565 0.04341099278049082 0.00025879917184265007 0.00013990362194932378
0 1.0 0.028006893635543973 0.046865964468895654 0.00025879917184265007 0.00013990362194932378
0 1.0 0.02786074587492104 0.05086603926806299 0.00025879917184265007 0.00013990362194932378
0 1.0 0.027424060102082422 0.06281851624336747 0.00025879917184265007 0.00013990362194932378
0 1.0 0.02708716382636191 0.0720397189482695 0.00025879917184265007 0.00013990362194932378
0 1.0 -0.444571131500914 14.475896243660594 0.00025879917184265007 0.00013990362194932378
0 1.0 -0.041974970035728275 2.186145403145402 0.00025879917184265007 0.00013990362194932378
0 1.0 -0.008854091414401435 1.1750892013334724 0.00025879917184265007 0.00013990362194932378
0 1.0 0.0034314022800377964 0.8000591565663019 0.00025879917184265007 0.00013990362194932378
0 1.0 0.009837715019926592 0.6044984560044333 0.00025879917184265007 0.00013990362194932378
0 1.0 0.013770181509261747 0.48445500311427564 0.00025879917184265007 0.00013990362194932378
0 1.0 0.016429877618446064 0.40326445630328883 0.00025879917184265007 0.00013990362194932378
0 1.0 0.01834863042339134 0.3446921296037549 0.00025879917184265007 0.00013990362194932378
0 1.0 0.03525771885850557 0.20150619545578954 0.00025879917184265007 0.00013990362194932378
0 1.0 0.03542587413470701 0.20008049008371778 0.00025879917184265007 0.00013990362194932378
0 1.0 0.034202052934506545 0.25733111641337 0.00025879917184265007 0.00013990362194932378
0 1.0 0.03227934296182822 0.3590149710084399 0.00025879917184265007 0.00013990362194932378
0 1.0 0.022422300734988982 0.8802843033066062 0.00025879917184265007 0.00013990362194932378
0 1.0 0.20249464813524973 -8.0358220522541 0.00025879917184265007 0.00013990362194932378
0 1.0 0.04064622955310039 -0.29103105853843114 0.00025879917184265007 0.00013990362194932378
0 1.0 0.03961396505250914 -0.26375811089023415 0.00025879917184265007 0.00013990362194932378
0 1.0 0.03876838411348028 -0.24141743689704778 0.00025879917184265007 0.00013990362194932378
0 1.0 0.03806304239810146 -0.2227819537756208 0.00025879917184265007 0.00013990362194932378
0 1.0 0.03746571661894661 -0.20700030605405517 0.00025879917184265007 0.00013990362194932378
