0 1.0 0.02719038666579889 0.06921439871457263 0.00025879917184265007 0.00013990362194932378
0 1.0 0.025622783155842325 0.11211654261511832 0.00025879917184265007 0.00013990362194932378
0 1.0 0.05209943857762589 -0.6698030193325492 0.00025879917184265007 0.00013990362194932378
0 1.0 0.0535749544917292 -0.8164810085353094 0.00025879917184265007 0.00013990362194932378
0 1.0 0.05851497111863432 -1.1050542034190403 0.00025879917184265007 0.00013990362194932378
0 1.0 0.0683015878026951 -1.662866509076935 0.00025879917184265007 0.00013990362194932378
0 1.0 0.09354509043492171 -3.0979191240363573 0.00025879917184265007 0.00013990362194932378
0 1.0 0.09919708462981945 -3.7006307463308783 0.00025879917184265007 0.00013990362194932378
0 1.0 0.09484672472972644 -3.73452439085497 0.00025879917184265007 0.00013990362194932378
0 1.0 -0.018531362622851218 1.4229110969591483 0.00025879917184265007 0.00013990362194932378
0 1.0 -0.00040060107598692535 0.8871510542748122 0.00025879917184265007 0.00013990362194932378
0 1.0 0.028397202289618197 0.039546565800569214 0.00025879917184265007 0.00013990362194932378
0 1.0 0.028586475670473177 0.03403469373071319 0.00025879917184265007 0.00013990362194932378
0 1.0 0.02872026265054412 0.030138653434754442 0.00025879917184265007 0.00013990362194932378
0 1.0 0.02875975361255095 0.028988628378331 0.00025879917184265007 0.00013990362194932378
0 1.0 0.007547380382717353 0.6522899385647493 0.00025879917184265007 0.00013990362194932378
0 1.0 0.012232049845930104 0.5138589793860388 0.00025879917184265007 0.00013990362194932378
0 1.0 0.018657376015468095 0.32399199481650076 0.00025879917184265007 0.00013990362194932378
0 1.0 0.02608853749370428 0.1067769505522628 0.00025879917184265007 0.00013990362194932378
0 1.0 0.026613153953030072 0.09149934792886957 0.00025879917184265007 0.00013990362194932378
0 1.0 0.027060296986980804 0.07847794832156103 0.00025879917184265007 0.00013990362194932378
0 1.0 0.027784963184138325 0.057375216501652566 0.00025879917184265007 0.00013990362194932378
0 1.0 0.028068869954097863 0.049109331923060155 0.00025879917184265007 0.00013990362194932378
0 1.0 0.028189515333391556 0.043693575753016356 0.00025879917184265007 0.00013990362194932378
0 1.0 0.028368957700603756 0.0386287423353035 0.00025879917184265007 0.00013990362194932378
0 1.0 0.028666431078017064 0.02882067138645393 0.00025879917184265007 0.00013990362194932378
0 1.0 0.028622981712193813 0.030009743815784314 0.00025879917184265007 0.00013990362194932378
0 1.0 0.028517082968924422 0.032907859209105286 0.00025879917184265007 0.00013990362194932378
0 1.0 0.02838781005785949 0.03644565202826654 0.00025879917184265007 0.00013990362194932378
0 1.0 0.028226901546444243 0.040849211687729016 0.00025879917184265007 0.00013990362194932378
0 1.0 0.028086029831846503 0.04470304177285384 0.00025879917184265007 0.00013990362194932378
0 1.0 0.021143886073093313 0.2271740089212444 0.00025879917184265007 0.00013990362194932378
0 1.0 0.05977003042557604 -1.0839714407853691 0.00025879917184265007 0.00013990362194932378
0 1.0 0.007979549720166476 1.9021809014753628 0.00025879917184265007 0.00013990362194932378
0 1.0 0.017713683662825594 1.3036607730926015 0.00025879917184265007 0.00013990362194932378
0 1.0 0.05579513810366342 -0.8680703453017861 0.00025879917184265007 0.00013990362194932378
0 1.0 1.1658254969313104 -64.05533948407606 0.00025879917184265007 0.00013990362194932378
0 1.0 -0.048278744652176415 4.964538307900568 0.00025879917184265007 0.00013990362194932378
0 1.0 0.003651843446282805 2.011243185483125 0.00025879917184265007 0.00013990362194932378
0 1.0 0.013905553668696965 1.4276385702554697 0.00025879917184265007 0.00013990362194932378
0 1.0 0.019469921308204855 1.110934609952252 0.00025879917184265007 0.00013990362194932378
0 1.0 0.023380733904627814 0.8883451051724381 0.00025879917184265007 0.00013990362194932378
0 1.0 -0.01632928548125923 3.396689293714741 0.00025879917184265007 0.00013990362194932378
0 1.0 0.025905644716580616 0.7446361870412519 0.00025879917184265007 0.00013990362194932378
0 1.0 0.030939111376211668 0.4581651203699768 0.00025879917184265007 0.00013990362194932378
0 1.0 0.03392707695742451 0.2881563192155425 0.00025879917184265007 0.00013990362194932378
0 1.0 0.034786785760463776 0.23923217255041965 0.00025879917184265007 0.00013990362194932378
0 1.0 0.03485530460793747 0.22278635920784903 0.00025879917184265007 0.00013990362194932378
0 1.0 0.03469155548671929 0.2314456154565014 0.00025879917184265007 0.00013990362194932378
0 1.0 0.03418767686655014 0.2580913406842332 0.00025879917184265007 0.00013990362194932378
0 1.0 0.03280557762651521 0.3311802510971346 0.00025879917184265007 0.00013990362194932378
0 1.0 0.026131535032285495 0.6841561175086288 0.00025879917184265007 0.00013990362194932378
0 1.0 0.1770469751809577 -6.78347264742855 0.00025879917184265007 0.00013990362194932378
0 1.0 0.028824767300410056 0.5785097541743263 0.00025879917184265007 0.00013990362194932378
0 1.0 0.0354205560480129 0.20316096706518189 0.00025879917184265007 0.00013990362194932378
0 1.0 0.03504088709871648 0.21297252734747865 0.00025879917184265007 0.00013990362194932378
0 1.0 0.034477013074844146 0.24279088379632727 0.00025879917184265007 0.00013990362194932378
0 1.0 0.03340387469171557 0.2995391254983062 0.00025879917184265007 0.00013990362194932378
0 1.0 0.03191081292290868 0.3785080433972182 0.00025879917184265007 0.00013990362194932378
0 1.0 0.07945799686850376 -2.129114554053046 0.00025879917184265007 0.00013990362194932378
0 1.0 0.061168280248587975 -1.0688453941155238 0.00025879917184265007 0.00013990362194932378
0 1.0 0.028583377901712333 0.03257664540368431 0.00025879917184265007 0.00013990362194932378
0 1.0 0.02873329124470595 0.028345280642110275 0.00025879917184265007 0.00013990362194932378
0 1.0 0.024455508236507745 0.1440626420348359 0.00025879917184265007 0.00013990362194932378
0 1.0 0.02150440003438058 0.22482663870763578 0.00025879917184265007 0.00013990362194932378
0 1.0 0.028575283862452394 0.03131508388211804 0.00025879917184265007 0.00013990362194932378
0 1.0 0.028459771897910387 0.03447628289370884 0.00025879917184265007 0.00013990362194932378
0 1.0 0.02831764654927371 0.03836580648906669 0.00025879917184265007 0.00013990362194932378
0 1.0 0.02793224539195329 0.0489090340615084 0.00025879917184265007 0.00013990362194932378
0 1.0 0.02773001709344311 0.05444420198325161 0.00025879917184265007 0.00013990362194932378
0 1.0 0.02749845526558216 0.06078225462434465 0.00025879917184265007 0.00013990362194932378
0 1.0 0.02686640598348079 0.07808166234656 0.00025879917184265007 0.00013990362194932378
0 1.0 0.026361592526344988 0.09189710772566201 0.00025879917184265007 0.00013990362194932378
0 1.0 -0.444571131500914 14.475896243660594 0.00025879917184265007 0.00013990362194932378
0 1.0 -0.041974970035728275 2.186145403145402 0.00025879917184265007 0.00013990362194932378
0 1.0 -0.008854091414401435 1.1750892013334724 0.00025879917184265007 0.00013990362194932378
0 1.0 0.0034314022800377964 0.8000591565663019 0.00025879917184265007 0.00013990362194932378
0 1.0 0.009837715019926592 0.6044984560044333 0.00025879917184265007 0.00013990362194932378
0 1.0 0.013770181509261747 0.48445500311427564 0.00025879917184265007 0.00013990362194932378
0 1.0 0.016429877618446064 0.40326445630328883 0.00025879917184265007 0.00013990362194932378
0 1.0 0.01834863042339134 0.3446921296037549 0.00025879917184265007 0.00013990362194932378
0 1.0 0.035180648600624684 0.20558176610420376 0.00025879917184265007 0.00013990362194932378
0 1.0 0.035292255437740894 0.19967985839012709 0.00025879917184265007 0.00013990362194932378
0 1.0 0.033846452885168625 0.2761356253372525 0.00025879917184265007 0.00013990362194932378
0 1.0 0.03002379473683185 0.4783202112410675 0.00025879917184265007 0.00013990362194932378
0 1.0 -0.21474664130871238 13.40355627044228 0.00025879917184265007 0.00013990362194932378
0 1.0 0.06913265289774116 -1.4687131280533476 0.00025879917184265007 0.00013990362194932378
0 1.0 0.04064622955310039 -0.29103105853843114 0.00025879917184265007 0.00013990362194932378
0 1.0 0.03961396505250914 -0.26375811089023415 0.00025879917184265007 0.00013990362194932378
0 1.0 0.03876838411348028 -0.24141743689704778 0.00025879917184265007 0.00013990362194932378
0 1.0 0.03806304239810146 -0.2227819537756208 0.00025879917184265007 0.00013990362194932378
0 1.0 0.03746571661894661 -0.20700030605405517 0.00025879917184265007 0.00013990362194932378
