0 1.0 0.0643040910985699 -1.435615236457467 0.00025879917184265007 0.00013990362194932378
0 1.0 0.08946050398265412 -3.102336701214683 0.00025879917184265007 0.00013990362194932378
0 1.0 0.08937041431319835 -3.3689904865261835 0.00025879917184265007 0.00013990362194932378
0 1.0 0.027911790497907693 0.0475061809547222 0.00025879917184265007 0.00013990362194932378
0 1.0 0.027867011025084047 0.05069455655044784 0.00025879917184265007 0.00013990362194932378
0 1.0 0.027025936318373474 0.07371558175268456 0.00025879917184265007 0.00013990362194932378
0 1.0 0.02351802715824582 0.16971901025304748 0.00025879917184265007 0.00013990362194932378
0 1.0 0.02261434817001283 0.19445030500744537 0.00025879917184265007 0.00013990362194932378
0 1.0 0.02010929986205641 0.2630261909588433 0.00025879917184265007 0.00013990362194932378
0 1.0 0.004081957488291545 0.7072184119057306 0.00025879917184265007 0.00013990362194932378
0 1.0 0.05781422620369822 -1.0645514326241095 0.00025879917184265007 0.00013990362194932378
0 1.0 -0.018531362622851218 1.4229110969591483 0.00025879917184265007 0.00013990362194932378
0 1.0 -0.00040060107598692535 0.8871510542748122 0.00025879917184265007 0.00013990362194932378
0 1.0 0.024391916156888818 0.1561856181151088 0.00025879917184265007 0.00013990362194932378
0 1.0 0.02564825736171554 0.11959866387434742 0.00025879917184265007 0.00013990362194932378
0 1.0 0.025887521012599685 0.1126308955896989 0.00025879917184265007 0.00013990362194932378
0 1.0 0.026127441377325398 0.10564400267052995 0.00025879917184265007 0.00013990362194932378
0 1.0 0.0267799321405234 0.08664254538417782 0.00025879917184265007 0.00013990362194932378
0 1.0 0.027219939301749974 0.07382888277823764 0.00025879917184265007 0.00013990362194932378
0 1.0 0.02778516750152871 0.05736926784475146 0.00025879917184265007 0.00013990362194932378
0 1.0 0.02815790492166656 0.04651664925597941 0.00025879917184265007 0.00013990362194932378
0 1.0 0.028418394356085137 0.03892942693648807 0.00025879917184265007 0.00013990362194932378
0 1.0 0.028598649488652293 0.03368017727360844 0.00025879917184265007 0.00013990362194932378
0 1.0 0.007547380382717353 0.6522899385647493 0.00025879917184265007 0.00013990362194932378
0 1.0 0.028707613705748165 0.03050700615936366 0.00025879917184265007 0.00013990362194932378
0 1.0 0.02875975361255095 0.028988628378331 0.00025879917184265007 0.00013990362194932378
0 1.0 0.012232049845930104 0.5138589793860388 0.00025879917184265007 0.00013990362194932378
0 1.0 0.015309552152119819 0.42291945857972735 0.00025879917184265007 0.00013990362194932378
0 1.0 0.01749119388734505 0.35845242192685384 0.00025879917184265007 0.00013990362194932378
0 1.0 0.02133812437693726 0.2451157934436181 0.00025879917184265007 0.00013990362194932378
0 1.0 0.02217733676852146 0.22067689567350743 0.00025879917184265007 0.00013990362194932378
0 1.0 0.022872997361839276 0.2004184029566695 0.00025879917184265007 0.00013990362194932378
0 1.0 0.023459046962174677 0.18335191726789857 0.00025879917184265007 0.00013990362194932378
0 1.0 0.02395950653061727 0.16877791865456315 0.00025879917184265007 0.00013990362194932378
0 1.0 0.024770187766126155 0.1451698832663475 0.00025879917184265007 0.00013990362194932378
0 1.0 0.0276927956598799 0.05546298563805251 0.00025879917184265007 0.00013990362194932378
0 1.0 0.025951976349793338 0.10310725856767011 0.00025879917184265007 0.00013990362194932378
0 1.0 0.024942311217434163 0.13073998912336288 0.00025879917184265007 0.00013990362194932378
0 1.0 0.02409293464572871 0.14888502643861246 0.00025879917184265007 0.00013990362194932378
0 1.0 0.022552668206888647 0.1897747877561668 0.00025879917184265007 0.00013990362194932378
0 1.0 0.020758036036192456 0.23741724704901132 0.00025879917184265007 0.00013990362194932378
0 1.0 0.026448765069352457 0.09628657076996516 0.00025879917184265007 0.00013990362194932378
0 1.0 0.02751542794946045 0.06522297375481395 0.00025879917184265007 0.00013990362194932378
0 1.0 0.028309929820781773 0.042088046706515315 0.00025879917184265007 0.00013990362194932378
0 1.0 0.02870394829427674 0.029173497290257942 0.00025879917184265007 0.00013990362194932378
0 1.0 0.028641531838452545 0.029502085227979334 0.00025879917184265007 0.00013990362194932378
0 1.0 0.028597274828063013 0.030713260347838747 0.00025879917184265007 0.00013990362194932378
0 1.0 0.02809247104560879 0.04452699278279063 0.00025879917184265007 0.00013990362194932378
0 1.0 0.028014213657117974 0.04666589621267826 0.00025879917184265007 0.00013990362194932378
0 1.0 -0.011897012129900018 3.124298313178341 0.00025879917184265007 0.00013990362194932378
0 1.0 0.008410028050404389 1.8757121938329766 0.00025879917184265007 0.00013990362194932378
0 1.0 0.016735830694768545 1.3637857608345625 0.00025879917184265007 0.00013990362194932378
0 1.0 0.024126471489795617 0.9093593780122438 0.00025879917184265007 0.00013990362194932378
0 1.0 0.08706704329866763 -2.5308377023361435 0.00025879917184265007 0.00013990362194932378
0 1.0 0.05214393694697915 -0.7120369231163103 0.00025879917184265007 0.00013990362194932378
0 1.0 0.05421887089650668 -0.8544046979218093 0.00025879917184265007 0.00013990362194932378
0 1.0 0.07804405796575706 -2.2167103035517117 0.00025879917184265007 0.00013990362194932378
0 1.0 -0.04078253431703936 4.538327832352704 0.00025879917184265007 0.00013990362194932378
0 1.0 0.003568614655025386 2.0159802714397204 0.00025879917184265007 0.00013990362194932378
0 1.0 0.020025847327876427 1.0792932836646911 0.00025879917184265007 0.00013990362194932378
0 1.0 1.6471913502756075 -91.42021577156987 0.00025879917184265007 0.00013990362194932378
0 1.0 0.02329428114837914 0.8932656877178251 0.00025879917184265007 0.00013990362194932378
0 1.0 0.028896734110873727 0.5744135337197481 0.00025879917184265007 0.00013990362194932378
0 1.0 0.03267334919280991 0.3381743578397723 0.00025879917184265007 0.00013990362194932378
0 1.0 0.03142455367988988 0.4042282985266718 0.00025879917184265007 0.00013990362194932378
0 1.0 0.029856528832628453 0.48716759417997163 0.00025879917184265007 0.00013990362194932378
0 1.0 0.10581189672771257 -3.2778001144681057 0.00025879917184265007 0.00013990362194932378
0 1.0 0.030236602716858733 0.4981506403815007 0.00025879917184265007 0.00013990362194932378
0 1.0 0.031118325112140226 0.4479645992391585 0.00025879917184265007 0.00013990362194932378
0 1.0 0.03354759038613481 0.309726581247137 0.00025879917184265007 0.00013990362194932378
0 1.0 0.035059331950798515 0.22372013320600537 0.00025879917184265007 0.00013990362194932378
0 1.0 0.035287818997396185 0.19991446284779338 0.00025879917184265007 0.00013990362194932378
0 1.0 0.03487552504342471 0.2217170775467271 0.00025879917184265007 0.00013990362194932378
0 1.0 0.03428999169751186 0.2526808057589514 0.00025879917184265007 0.00013990362194932378
0 1.0 0.033751099544575024 0.2811779025098527 0.00025879917184265007 0.00013990362194932378
0 1.0 0.027309175362047532 0.6647546403098213 0.00025879917184265007 0.00013990362194932378
0 1.0 0.03167842834345727 0.4160845381663522 0.00025879917184265007 0.00013990362194932378
0 1.0 0.03290182679808139 0.3464509148107348 0.00025879917184265007 0.00013990362194932378
0 1.0 0.035416685023113785 0.20338128748303275 0.00025879917184265007 0.00013990362194932378
0 1.0 0.03502358306616139 0.21388758601108998 0.00025879917184265007 0.00013990362194932378
0 1.0 0.03469941287001166 0.23103010730069398 0.00025879917184265007 0.00013990362194932378
0 1.0 0.03303627290376546 0.318977879216313 0.00025879917184265007 0.00013990362194932378
0 1.0 0.03205133475281474 0.3710752647542808 0.00025879917184265007 0.00013990362194932378
0 1.0 -0.7547791476751116 41.91482382858268 0.00025879917184265007 0.00013990362194932378
0 1.0 0.0282279807659825 0.04081967684472671 0.00025879917184265007 0.00013990362194932378
0 1.0 0.028174102984237562 0.04229414220486596 0.00025879917184265007 0.00013990362194932378
0 1.0 0.02740809848404418 0.0632553998882149 0.00025879917184265007 0.00013990362194932378
0 1.0 0.02660390904665921 0.08526552807275538 0.00025879917184265007 0.00013990362194932378
0 1.0 0.025459757747114262 0.11657818471820798 0.00025879917184265007 0.00013990362194932378
0 1.0 0.02151999349563326 0.22439988707181915 0.00025879917184265007 0.00013990362194932378
0 1.0 0.017523328742071537 0.3344559549855395 0.00025879917184265007 0.00013990362194932378
0 1.0 0.010283924540555564 0.5352225319846345 0.00025879917184265007 0.00013990362194932378
0 1.0 -0.054547037275322494 2.2613507017313883 0.00025879917184265007 0.00013990362194932378
0 1.0 0.26676364666586116 -6.3772026505881945 0.00025879917184265007 0.00013990362194932378
0 1.0 0.028010963567433857 0.04872881373122913 0.00025879917184265007 0.00013990362194932378
0 1.0 0.028533616754832063 0.03398117390795252 0.00025879917184265007 0.00013990362194932378
0 1.0 0.028687770347173614 0.028236682733562432 0.00025879917184265007 0.00013990362194932378
0 1.0 0.02854491607500328 0.032146154672481275 0.00025879917184265007 0.00013990362194932378
0 1.0 0.028491379031911318 0.03361129508782132 0.00025879917184265007 0.00013990362194932378
0 1.0 0.02843391153235515 0.035183999729421274 0.00025879917184265007 0.00013990362194932378
0 1.0 0.02837211501401137 0.036875175993998435 0.00025879917184265007 0.00013990362194932378
0 1.0 0.028301259146283696 0.03881427814600686 0.00025879917184265007 0.00013990362194932378
0 1.0 -0.444571131500914 14.475896243660594 0.00025879917184265007 0.00013990362194932378
0 1.0 -0.041974970035728275 2.186145403145402 0.00025879917184265007 0.00013990362194932378
0 1.0 -0.008854091414401435 1.1750892013334724 0.00025879917184265007 0.00013990362194932378
0 1.0 0.0034314022800377964 0.8000591565663019 0.00025879917184265007 0.00013990362194932378
0 1.0 0.009837715019926592 0.6044984560044333 0.00025879917184265007 0.00013990362194932378
0 1.0 0.013770181509261747 0.48445500311427564 0.00025879917184265007 0.00013990362194932378
0 1.0 0.016429877618446064 0.40326445630328883 0.00025879917184265007 0.00013990362194932378
0 1.0 0.01834863042339134 0.3446921296037549 0.00025879917184265007 0.00013990362194932378
0 1.0 0.03252730011689998 0.36776829489687096 0.00025879917184265007 0.00013990362194932378
0 1.0 0.03213355761859387 0.3901794044765137 0.00025879917184265007 0.00013990362194932378
0 1.0 0.061168280248587975 -1.0688453941155238 0.00025879917184265007 0.00013990362194932378
0 1.0 0.03515875719560531 0.20673941070281704 0.00025879917184265007 0.00013990362194932378
0 1.0 0.034514204486154235 0.24082415592391287 0.00025879917184265007 0.00013990362194932378
0 1.0 0.034052437489669095 0.2652429663577575 0.00025879917184265007 0.00013990362194932378
0 1.0 0.03346691308017232 0.29620566046043406 0.00025879917184265007 0.00013990362194932378
0 1.0 0.0626414629045876 -1.2386393487861578 0.00025879917184265007 0.00013990362194932378
0 1.0 0.0245961038869056 0.7653430420392634 0.00025879917184265007 0.00013990362194932378
0 1.0 0.008079537712752046 1.638656504457322 0.00025879917184265007 0.00013990362194932378
0 1.0 0.07215831271852473 -1.6190548309781485 0.00025879917184265007 0.00013990362194932378
0 1.0 0.04064622955310039 -0.29103105853843114 0.00025879917184265007 0.00013990362194932378
0 1.0 0.03961396505250914 -0.26375811089023415 0.00025879917184265007 0.00013990362194932378
0 1.0 0.03876838411348028 -0.24141743689704778 0.00025879917184265007 0.00013990362194932378
0 1.0 0.03806304239810146 -0.2227819537756208 0.00025879917184265007 0.00013990362194932378
0 1.0 0.03746571661894661 -0.20700030605405517 0.00025879917184265007 0.00013990362194932378
