0 1.0 0.06091547444587052 -1.2429778176571464 0.00025879917184265007 0.00013990362194932378
0 1.0 0.08053167936300111 -2.553677701365453 0.00025879917184265007 0.00013990362194932378
0 1.0 0.08594009762898489 -3.140022996502212 0.00025879917184265007 0.00013990362194932378
0 1.0 0.028403620687825648 0.03445030941832219 0.00025879917184265007 0.00013990362194932378
0 1.0 0.02802235266572208 0.04644344369087902 0.00025879917184265007 0.00013990362194932378
0 1.0 0.027719335656724617 0.05473656238146448 0.00025879917184265007 0.00013990362194932378
0 1.0 0.024844753178700198 0.13341004136317128 0.00025879917184265007 0.00013990362194932378
0 1.0 0.023937411156235423 0.15824158363959992 0.00025879917184265007 0.00013990362194932378
0 1.0 0.022071502075253102 0.20930656143322343 0.00025879917184265007 0.00013990362194932378
0 1.0 0.015089662293395378 0.38914297702984846 0.00025879917184265007 0.00013990362194932378
0 1.0 0.05426464760932771 -0.8571007339682323 0.00025879917184265007 0.00013990362194932378
0 1.0 -0.018531362622851218 1.4229110969591483 0.00025879917184265007 0.00013990362194932378
0 1.0 -0.00040060107598692535 0.8871510542748122 0.00025879917184265007 0.00013990362194932378
0 1.0 0.024391828070252728 0.15618818330637185 0.00025879917184265007 0.00013990362194932378
0 1.0 0.02564825736171554 0.11959866387434742 0.00025879917184265007 0.00013990362194932378
0 1.0 0.025885531414801998 0.1126888360933352 0.00025879917184265007 0.00013990362194932378
0 1.0 0.026099856680160162 0.10644731640974292 0.00025879917184265007 0.00013990362194932378
0 1.0 0.026474414312651545 0.0955396307054591 0.00025879917184265007 0.00013990362194932378
0 1.0 0.026657653102998394 0.09020347352196377 0.00025879917184265007 0.00013990362194932378
0 1.0 0.02705872921246672 0.07852360399970405 0.00025879917184265007 0.00013990362194932378
0 1.0 0.027460454068715372 0.06682405122436252 0.00025879917184265007 0.00013990362194932378
0 1.0 0.027948469572105165 0.052614763163435184 0.00025879917184265007 0.00013990362194932378
0 1.0 0.028169990802454914 0.046164504073783266 0.00025879917184265007 0.00013990362194932378
0 1.0 0.007547380382717353 0.6522899385647493 0.00025879917184265007 0.00013990362194932378
0 1.0 0.028436894624897936 0.03839067650843788 0.00025879917184265007 0.00013990362194932378
0 1.0 0.028649688835731133 0.03219384913619813 0.00025879917184265007 0.00013990362194932378
0 1.0 0.028733527706537722 0.02975235879941798 0.00025879917184265007 0.00013990362194932378
0 1.0 0.012232049845930104 0.5138589793860388 0.00025879917184265007 0.00013990362194932378
0 1.0 0.015309552152119819 0.42291945857972735 0.00025879917184265007 0.00013990362194932378
0 1.0 0.01749119388734505 0.35845242192685384 0.00025879917184265007 0.00013990362194932378
0 1.0 0.02133812437693726 0.2451157934436181 0.00025879917184265007 0.00013990362194932378
0 1.0 0.02217733676852146 0.22067689567350743 0.00025879917184265007 0.00013990362194932378
0 1.0 0.022872997361839276 0.2004184029566695 0.00025879917184265007 0.00013990362194932378
0 1.0 0.023459046962174677 0.18335191726789857 0.00025879917184265007 0.00013990362194932378
0 1.0 0.02395949899775119 0.16877813802089447 0.00025879917184265007 0.00013990362194932378
0 1.0 0.024769061548930264 0.14520268009727283 0.00025879917184265007 0.00013990362194932378
0 1.0 0.027948900945321518 0.04845315679110735 0.00025879917184265007 0.00013990362194932378
0 1.0 0.0272854097719722 0.0666135140072297 0.00025879917184265007 0.00013990362194932378
0 1.0 0.02565464869504095 0.11124445382579709 0.00025879917184265007 0.00013990362194932378
0 1.0 0.02642618335898395 0.09012942283592604 0.00025879917184265007 0.00013990362194932378
0 1.0 0.025942611613405563 0.10336355053146908 0.00025879917184265007 0.00013990362194932378
0 1.0 0.024141736472790214 0.14758947457168464 0.00025879917184265007 0.00013990362194932378
0 1.0 0.021597299242039653 0.21513715880951123 0.00025879917184265007 0.00013990362194932378
0 1.0 0.02629447367273317 0.1007797413637195 0.00025879917184265007 0.00013990362194932378
0 1.0 0.02684053083132197 0.08487783094460336 0.00025879917184265007 0.00013990362194932378
0 1.0 0.027732888359977826 0.058891363813048145 0.00025879917184265007 0.00013990362194932378
0 1.0 0.0284542571875842 0.03622112980274343 0.00025879917184265007 0.00013990362194932378
0 1.0 0.028714372743125518 0.028065230583159222 0.00025879917184265007 0.00013990362194932378
0 1.0 0.028656400454654486 0.02909517798657234 0.00025879917184265007 0.00013990362194932378
0 1.0 0.02819509393172322 0.04171968602011393 0.00025879917184265007 0.00013990362194932378
0 1.0 0.028105172296902993 0.044179846647697765 0.00025879917184265007 0.00013990362194932378
0 1.0 -0.10813968860862043 9.039014066764933 0.00025879917184265007 0.00013990362194932378
0 1.0 0.008318350763102585 1.8813491310365313 0.00025879917184265007 0.00013990362194932378
0 1.0 0.01668800282927217 1.3667265401957112 0.00025879917184265007 0.00013990362194932378
0 1.0 0.024126471489795617 0.9093593780122438 0.00025879917184265007 0.00013990362194932378
0 1.0 0.05615116581825629 -0.8874084222553099 0.00025879917184265007 0.00013990362194932378
0 1.0 0.05177422464577947 -0.7104263734303266 0.00025879917184265007 0.00013990362194932378
0 1.0 0.07060228529103073 -1.7936574692288714 0.00025879917184265007 0.00013990362194932378
0 1.0 -0.08432870880823799 7.0139209187473295 0.00025879917184265007 0.00013990362194932378
0 1.0 0.003568614655025386 2.0159802714397204 0.00025879917184265007 0.00013990362194932378
0 1.0 0.020025847327876427 1.0792932836646911 0.00025879917184265007 0.00013990362194932378
0 1.0 0.11241656637846194 -4.170732247297187 0.00025879917184265007 0.00013990362194932378
0 1.0 0.02329404939499055 0.8932788782941429 0.00025879917184265007 0.00013990362194932378
0 1.0 0.028825824176101668 0.578449598724918 0.00025879917184265007 0.00013990362194932378
0 1.0 0.03313821746996868 0.313587058550385 0.00025879917184265007 0.00013990362194932378
0 1.0 0.032239943047852535 0.36109899481689633 0.00025879917184265007 0.00013990362194932378
0 1.0 0.03157764517245285 0.3961306586290227 0.00025879917184265007 0.00013990362194932378
0 1.0 0.10237308500529982 -3.3389272991830237 0.00025879917184265007 0.00013990362194932378
0 1.0 0.09394521047635604 -2.6938081128878064 0.00025879917184265007 0.00013990362194932378
0 1.0 0.02975997408140806 0.5252794787056186 0.00025879917184265007 0.00013990362194932378
0 1.0 0.030538766683963235 0.48095201486626765 0.00025879917184265007 0.00013990362194932378
0 1.0 0.03317136289402831 0.331111595111123 0.00025879917184265007 0.00013990362194932378
0 1.0 0.03377151641485025 0.296998481017738 0.00025879917184265007 0.00013990362194932378
0 1.0 0.03529548045753302 0.2102796777621348 0.00025879917184265007 0.00013990362194932378
0 1.0 0.03507339236632279 0.21125360855548694 0.00025879917184265007 0.00013990362194932378
0 1.0 0.03458648031059806 0.2370021208510782 0.00025879917184265007 0.00013990362194932378
0 1.0 0.03412533689483141 0.26138795556454736 0.00025879917184265007 0.00013990362194932378
0 1.0 0.02677740773737781 0.6950185451061461 0.00025879917184265007 0.00013990362194932378
0 1.0 0.031206527316204536 0.44294428959781806 0.00025879917184265007 0.00013990362194932378
0 1.0 0.03282113867787889 0.35104353641346386 0.00025879917184265007 0.00013990362194932378
0 1.0 0.0348874101381921 0.2335051091693044 0.00025879917184265007 0.00013990362194932378
0 1.0 0.035208394163778 0.20411454637611898 0.00025879917184265007 0.00013990362194932378
0 1.0 0.034907088007960156 0.22004798890767893 0.00025879917184265007 0.00013990362194932378
0 1.0 0.03348211152852476 0.2954019677034796 0.00025879917184265007 0.00013990362194932378
0 1.0 0.03276619737087248 0.33326323509535183 0.00025879917184265007 0.00013990362194932378
0 1.0 0.027005811121041483 0.637928198366598 0.00025879917184265007 0.00013990362194932378
0 1.0 0.028344298479158144 0.03763642702831816 0.00025879917184265007 0.00013990362194932378
0 1.0 0.028268971068108526 0.03969790125135545 0.00025879917184265007 0.00013990362194932378
0 1.0 0.027851852052728866 0.05110947107094352 0.00025879917184265007 0.00013990362194932378
0 1.0 0.02753392775986071 0.05981134098920376 0.00025879917184265007 0.00013990362194932378
0 1.0 0.026939693405660645 0.07607597417840845 0.00025879917184265007 0.00013990362194932378
0 1.0 0.0229700244460656 0.1847163896074564 0.00025879917184265007 0.00013990362194932378
0 1.0 0.020704620225398658 0.24671448876512625 0.00025879917184265007 0.00013990362194932378
0 1.0 0.01864159090833011 0.30345552621282573 0.00025879917184265007 0.00013990362194932378
0 1.0 0.018439677653946687 0.2991724241235354 0.00025879917184265007 0.00013990362194932378
0 1.0 0.00856182658713487 0.5829805658975676 0.00025879917184265007 0.00013990362194932378
0 1.0 0.027279253610913056 0.06938011052104617 0.00025879917184265007 0.00013990362194932378
0 1.0 -0.21871142883994268 6.674969438858883 0.00025879917184265007 0.00013990362194932378
0 1.0 0.028073303387070446 0.04696910389753287 0.00025879917184265007 0.00013990362194932378
0 1.0 0.028647456518872218 0.030768000507864286 0.00025879917184265007 0.00013990362194932378
0 1.0 0.028610590872874875 0.030348842100218536 0.00025879917184265007 0.00013990362194932378
0 1.0 0.028559964039754242 0.03173433922560683 0.00025879917184265007 0.00013990362194932378
0 1.0 0.02850994537533294 0.03310319268729503 0.00025879917184265007 0.00013990362194932378
0 1.0 0.028451345608471935 0.034706883922353965 0.00025879917184265007 0.00013990362194932378
0 1.0 0.02839448519541019 0.03626297451679705 0.00025879917184265007 0.00013990362194932378
0 1.0 -0.444571131500914 14.475896243660594 0.00025879917184265007 0.00013990362194932378
0 1.0 -0.041974970035728275 2.186145403145402 0.00025879917184265007 0.00013990362194932378
0 1.0 -0.008854091414401435 1.1750892013334724 0.00025879917184265007 0.00013990362194932378
0 1.0 0.0034314022800377964 0.8000591565663019 0.00025879917184265007 0.00013990362194932378
0 1.0 0.009837715019926592 0.6044984560044333 0.00025879917184265007 0.00013990362194932378
0 1.0 0.013770181509261747 0.48445500311427564 0.00025879917184265007 0.00013990362194932378
0 1.0 0.016429877618446064 0.40326445630328883 0.00025879917184265007 0.00013990362194932378
0 1.0 0.01834863042339134 0.3446921296037549 0.00025879917184265007 0.00013990362194932378
0 1.0 0.032380495378657045 0.3761241546014424 0.00025879917184265007 0.00013990362194932378
0 1.0 0.031824456119139075 0.4077729017629783 0.00025879917184265007 0.00013990362194932378
0 1.0 0.0671005476266098 -1.367061747739815 0.00025879917184265007 0.00013990362194932378
0 1.0 0.03534480988308779 0.19756564964162465 0.00025879917184265007 0.00013990362194932378
0 1.0 0.03474022016319775 0.22887216711827574 0.00025879917184265007 0.00013990362194932378
0 1.0 0.034359618018320666 0.2489988797183777 0.00025879917184265007 0.00013990362194932378
0 1.0 0.033833839188055735 0.2768026366513655 0.00025879917184265007 0.00013990362194932378
0 1.0 0.0635887051350548 -1.28924685050017 0.00025879917184265007 0.00013990362194932378
0 1.0 0.030771178218872628 0.43878801907482695 0.00025879917184265007 0.00013990362194932378
0 1.0 0.029438152344471204 0.5092972506750619 0.00025879917184265007 0.00013990362194932378
0 1.0 0.2519928109239983 -10.47176166920016 0.00025879917184265007 0.00013990362194932378
0 1.0 0.04064622955310039 -0.29103105853843114 0.00025879917184265007 0.00013990362194932378
0 1.0 0.03961396505250914 -0.26375811089023415 0.00025879917184265007 0.00013990362194932378
0 1.0 0.03876838411348028 -0.24141743689704778 0.00025879917184265007 0.00013990362194932378
0 1.0 0.03806304239810146 -0.2227819537756208 0.00025879917184265007 0.00013990362194932378
0 1.0 0.03746571661894661 -0.20700030605405517 0.00025879917184265007 0.00013990362194932378
