0 1.0 0.06393261275987001 -1.4144972890347671 0.00025879917184265007 0.00013990362194932378
0 1.0 0.08362101323045776 -2.7435112911291357 0.00025879917184265007 0.00013990362194932378
0 1.0 0.08594009762898489 -3.140022996502212 0.00025879917184265007 0.00013990362194932378
0 1.0 0.028106352150905994 0.04234478106167148 0.00025879917184265007 0.00013990362194932378
0 1.0 0.027957427512106236 0.04821977709451163 0.00025879917184265007 0.00013990362194932378
0 1.0 0.027406208464225198 0.06330713140724847 0.00025879917184265007 0.00013990362194932378
0 1.0 0.02390333686520204 0.1591741065222458 0.00025879917184265007 0.00013990362194932378
0 1.0 0.023164619504595568 0.17939083948078557 0.00025879917184265007 0.00013990362194932378
0 1.0 0.020934627793571563 0.240419792265267 0.00025879917184265007 0.00013990362194932378
0 1.0 0.011018013411653321 0.5148644326492567 0.00025879917184265007 0.00013990362194932378
0 1.0 0.057060604867952024 -1.0209924262334935 0.00025879917184265007 0.00013990362194932378
0 1.0 -0.018531362622851218 1.4229110969591483 0.00025879917184265007 0.00013990362194932378
0 1.0 -0.00040060107598692535 0.8871510542748122 0.00025879917184265007 0.00013990362194932378
0 1.0 0.02439184682364456 0.15618763718451914 0.00025879917184265007 0.00013990362194932378
0 1.0 0.02564825736171554 0.11959866387434742 0.00025879917184265007 0.00013990362194932378
0 1.0 0.025885640981625876 0.11268564531931802 0.00025879917184265007 0.00013990362194932378
0 1.0 0.026100780670851635 0.10642040821448813 0.00025879917184265007 0.00013990362194932378
0 1.0 0.02653434951538567 0.09379423792040227 0.00025879917184265007 0.00013990362194932378
0 1.0 0.026860403719543253 0.08429910601939468 0.00025879917184265007 0.00013990362194932378
0 1.0 0.027492044458797788 0.06590400226420727 0.00025879917184265007 0.00013990362194932378
0 1.0 0.027916948587602682 0.05353248985145405 0.00025879917184265007 0.00013990362194932378
0 1.0 0.028258464156774226 0.04358678971368529 0.00025879917184265007 0.00013990362194932378
0 1.0 0.02845920872484125 0.037740862658830816 0.00025879917184265007 0.00013990362194932378
0 1.0 0.007547380382717353 0.6522899385647493 0.00025879917184265007 0.00013990362194932378
0 1.0 0.028628541984561617 0.03280967127558262 0.00025879917184265007 0.00013990362194932378
0 1.0 0.02873672299743982 0.029659308024931046 0.00025879917184265007 0.00013990362194932378
0 1.0 0.012232049845930104 0.5138589793860388 0.00025879917184265007 0.00013990362194932378
0 1.0 0.015309552152119819 0.42291945857972735 0.00025879917184265007 0.00013990362194932378
0 1.0 0.01749119388734505 0.35845242192685384 0.00025879917184265007 0.00013990362194932378
0 1.0 0.02133812437693726 0.2451157934436181 0.00025879917184265007 0.00013990362194932378
0 1.0 0.02217733676852146 0.22067689567350743 0.00025879917184265007 0.00013990362194932378
0 1.0 0.022872997361839276 0.2004184029566695 0.00025879917184265007 0.00013990362194932378
0 1.0 0.023459046962174677 0.18335191726789857 0.00025879917184265007 0.00013990362194932378
0 1.0 0.02395949899775119 0.16877813802089447 0.00025879917184265007 0.00013990362194932378
0 1.0 0.024769115962296077 0.14520109551308719 0.00025879917184265007 0.00013990362194932378
0 1.0 0.027845621971704766 0.05127999391511775 0.00025879917184265007 0.00013990362194932378
0 1.0 0.02664149461192805 0.08423690786330094 0.00025879917184265007 0.00013990362194932378
0 1.0 0.02523060911650559 0.12284949505373008 0.00025879917184265007 0.00013990362194932378
0 1.0 0.025159865515777733 0.1205611628636364 0.00025879917184265007 0.00013990362194932378
0 1.0 0.024072031757894557 0.1494399395840485 0.00025879917184265007 0.00013990362194932378
0 1.0 0.021897798078334214 0.20715975608070733 0.00025879917184265007 0.00013990362194932378
0 1.0 0.02044019433623492 0.24585505424931417 0.00025879917184265007 0.00013990362194932378
0 1.0 0.02630622561052034 0.1004375093116286 0.00025879917184265007 0.00013990362194932378
0 1.0 0.027163679130268483 0.07546732286662593 0.00025879917184265007 0.00013990362194932378
0 1.0 0.028116322665561442 0.04772775642926295 0.00025879917184265007 0.00013990362194932378
0 1.0 0.028637953205594254 0.031036235370215867 0.00025879917184265007 0.00013990362194932378
0 1.0 0.028663490652014643 0.028901141594101745 0.00025879917184265007 0.00013990362194932378
0 1.0 0.028619757268555063 0.030097986692478425 0.00025879917184265007 0.00013990362194932378
0 1.0 0.02812544823025264 0.04362566972944872 0.00025879917184265007 0.00013990362194932378
0 1.0 0.0280606298654861 0.045397264723747076 0.00025879917184265007 0.00013990362194932378
0 1.0 -0.050946070152946756 5.524107702339459 0.00025879917184265007 0.00013990362194932378
0 1.0 0.008318350763102585 1.8813491310365313 0.00025879917184265007 0.00013990362194932378
0 1.0 0.016699650362167386 1.3660103714101894 0.00025879917184265007 0.00013990362194932378
0 1.0 0.024126471489795617 0.9093593780122438 0.00025879917184265007 0.00013990362194932378
0 1.0 0.18000744848263728 -7.437669657678204 0.00025879917184265007 0.00013990362194932378
0 1.0 0.05531578441110975 -0.8420336683392692 0.00025879917184265007 0.00013990362194932378
0 1.0 0.05287069062582349 -0.7750031336146228 0.00025879917184265007 0.00013990362194932378
0 1.0 0.07653609688065793 -2.130985135774638 0.00025879917184265007 0.00013990362194932378
0 1.0 -0.0474102336095866 4.915164848878321 0.00025879917184265007 0.00013990362194932378
0 1.0 0.003568614655025386 2.0159802714397204 0.00025879917184265007 0.00013990362194932378
0 1.0 0.020025847327876427 1.0792932836646911 0.00025879917184265007 0.00013990362194932378
0 1.0 0.24404878579909975 -11.65381268366048 0.00025879917184265007 0.00013990362194932378
0 1.0 0.02329404939499055 0.8932788782941429 0.00025879917184265007 0.00013990362194932378
0 1.0 0.028830298271815574 0.5781949413035207 0.00025879917184265007 0.00013990362194932378
0 1.0 0.032844361216477824 0.32912882720546405 0.00025879917184265007 0.00013990362194932378
0 1.0 0.03176651048424661 0.38614079401630874 0.00025879917184265007 0.00013990362194932378
0 1.0 0.03088970005299148 0.4325189108661653 0.00025879917184265007 0.00013990362194932378
0 1.0 0.08110230898956987 -2.2159267779101706 0.00025879917184265007 0.00013990362194932378
0 1.0 0.02980004258670179 0.5229988519846184 0.00025879917184265007 0.00013990362194932378
0 1.0 0.03068235525226041 0.4727792137276156 0.00025879917184265007 0.00013990362194932378
0 1.0 0.03322287934823414 0.32818336655120095 0.00025879917184265007 0.00013990362194932378
0 1.0 0.03466058966399214 0.24641465714569336 0.00025879917184265007 0.00013990362194932378
0 1.0 0.035386112543615296 0.1982480972359115 0.00025879917184265007 0.00013990362194932378
0 1.0 0.03494865664331831 0.2178497880086737 0.00025879917184265007 0.00013990362194932378
0 1.0 0.034406475163152136 0.24652101589133968 0.00025879917184265007 0.00013990362194932378
0 1.0 0.0338981791783163 0.273400336831267 0.00025879917184265007 0.00013990362194932378
0 1.0 0.02692131069397613 0.68682810205734 0.00025879917184265007 0.00013990362194932378
0 1.0 0.031576569776321214 0.4218821432497037 0.00025879917184265007 0.00013990362194932378
0 1.0 0.032872110411863824 0.34814231767097326 0.00025879917184265007 0.00013990362194932378
0 1.0 0.03529282942594852 0.21043056193406873 0.00025879917184265007 0.00013990362194932378
0 1.0 0.03508554852848 0.21061077565149122 0.00025879917184265007 0.00013990362194932378
0 1.0 0.03479656596333968 0.22589253145162608 0.00025879917184265007 0.00013990362194932378
0 1.0 0.0332809975781015 0.30603685762970556 0.00025879917184265007 0.00013990362194932378
0 1.0 0.03238165136949515 0.35360345773674284 0.00025879917184265007 0.00013990362194932378
0 1.0 0.011086180270585574 1.4796890759550299 0.00025879917184265007 0.00013990362194932378
0 1.0 0.02826987798924158 0.03967308167356724 0.00025879917184265007 0.00013990362194932378
0 1.0 0.02819643894459252 0.04168287724995852 0.00025879917184265007 0.00013990362194932378
0 1.0 0.02766282490431949 0.05628331180402705 0.00025879917184265007 0.00013990362194932378
0 1.0 0.02708077692839014 0.07221453522118573 0.00025879917184265007 0.00013990362194932378
0 1.0 0.026044392999246446 0.10057804259172298 0.00025879917184265007 0.00013990362194932378
0 1.0 0.022141849957135723 0.20738132667083367 0.00025879917184265007 0.00013990362194932378
0 1.0 0.019289806467104112 0.2855998579783395 0.00025879917184265007 0.00013990362194932378
0 1.0 0.01658910480321337 0.360364294557999 0.00025879917184265007 0.00013990362194932378
0 1.0 0.000805035824316965 0.7731902995697943 0.00025879917184265007 0.00013990362194932378
0 1.0 -0.15282582264000746 4.903611209101895 0.00025879917184265007 0.00013990362194932378
0 1.0 0.027770285567718767 0.055522951852002636 0.00025879917184265007 0.00013990362194932378
0 1.0 0.02837833573798585 0.03836404343579975 0.00025879917184265007 0.00013990362194932378
0 1.0 0.028733974112184625 0.028326006431233695 0.00025879917184265007 0.00013990362194932378
0 1.0 0.028568325083620186 0.03150552376298647 0.00025879917184265007 0.00013990362194932378
0 1.0 0.028519170177205774 0.032850738885836936 0.00025879917184265007 0.00013990362194932378
0 1.0 0.028471631875318447 0.03415171262942061 0.00025879917184265007 0.00013990362194932378
0 1.0 0.028411729998744514 0.035791038510239646 0.00025879917184265007 0.00013990362194932378
0 1.0 0.028346068403037803 0.03758798978078995 0.00025879917184265007 0.00013990362194932378
0 1.0 -0.444571131500914 14.475896243660594 0.00025879917184265007 0.00013990362194932378
0 1.0 -0.041974970035728275 2.186145403145402 0.00025879917184265007 0.00013990362194932378
0 1.0 -0.008854091414401435 1.1750892013334724 0.00025879917184265007 0.00013990362194932378
0 1.0 0.0034314022800377964 0.8000591565663019 0.00025879917184265007 0.00013990362194932378
0 1.0 0.009837715019926592 0.6044984560044333 0.00025879917184265007 0.00013990362194932378
0 1.0 0.013770181509261747 0.48445500311427564 0.00025879917184265007 0.00013990362194932378
0 1.0 0.016429877618446064 0.40326445630328883 0.00025879917184265007 0.00013990362194932378
0 1.0 0.01834863042339134 0.3446921296037549 0.00025879917184265007 0.00013990362194932378
0 1.0 0.0325271944021736 0.3677743119875528 0.00025879917184265007 0.00013990362194932378
0 1.0 0.03211859481700704 0.3910310600316649 0.00025879917184265007 0.00013990362194932378
0 1.0 0.06512679381036751 -1.2678407200072377 0.00025879917184265007 0.00013990362194932378
0 1.0 0.03522867015154594 0.20304232704162234 0.00025879917184265007 0.00013990362194932378
0 1.0 0.03460985616701461 0.23576597662485763 0.00025879917184265007 0.00013990362194932378
0 1.0 0.03416830219514352 0.2591158972937307 0.00025879917184265007 0.00013990362194932378
0 1.0 0.033601842897314944 0.2890705823116642 0.00025879917184265007 0.00013990362194932378
0 1.0 0.0635887051350548 -1.28924685050017 0.00025879917184265007 0.00013990362194932378
0 1.0 0.02905891458119056 0.5293566987294509 0.00025879917184265007 0.00013990362194932378
0 1.0 0.0243798858944837 0.7767757095904905 0.00025879917184265007 0.00013990362194932378
0 1.0 0.07737890169852615 -1.8784601455255499 0.00025879917184265007 0.00013990362194932378
0 1.0 0.04064622955310039 -0.29103105853843114 0.00025879917184265007 0.00013990362194932378
0 1.0 0.03961396505250914 -0.26375811089023415 0.00025879917184265007 0.00013990362194932378
0 1.0 0.03876838411348028 -0.24141743689704778 0.00025879917184265007 0.00013990362194932378
0 1.0 0.03806304239810146 -0.2227819537756208 0.00025879917184265007 0.00013990362194932378
0 1.0 0.03746571661894661 -0.20700030605405517 0.00025879917184265007 0.00013990362194932378
