0 1.0 0.06479699512109917 -1.4636360391471754 0.00025879917184265007 0.00013990362194932378
0 1.0 0.11190032791573279 -4.481220471517074 0.00025879917184265007 0.00013990362194932378
0 1.0 0.08937041431319835 -3.3689904865261835 0.00025879917184265007 0.00013990362194932378
0 1.0 0.02783043025275635 0.04966561088494594 0.00025879917184265007 0.00013990362194932378
0 1.0 0.027787395830084126 0.052873695062186296 0.00025879917184265007 0.00013990362194932378
0 1.0 0.0267863094695841 0.0802736978344303 0.00025879917184265007 0.00013990362194932378
0 1.0 0.023307458397442773 0.17548171820277095 0.00025879917184265007 0.00013990362194932378
0 1.0 0.022346849458767217 0.20177103455895667 0.00025879917184265007 0.00013990362194932378
0 1.0 0.019043169335802326 0.29239369489141787 0.00025879917184265007 0.00013990362194932378
0 1.0 0.0004471073110662965 0.8080217940173737 0.00025879917184265007 0.00013990362194932378
0 1.0 0.05785340501899411 -1.0668159521976774 0.00025879917184265007 0.00013990362194932378
0 1.0 -0.018531362622851218 1.4229110969591483 0.00025879917184265007 0.00013990362194932378
0 1.0 -0.00040060107598692535 0.8871510542748122 0.00025879917184265007 0.00013990362194932378
0 1.0 0.024392174064661647 0.15617810752332345 0.00025879917184265007 0.00013990362194932378
0 1.0 0.02564825736171554 0.11959866387434742 0.00025879917184265007 0.00013990362194932378
0 1.0 0.02591121692240677 0.11194083001467545 0.00025879917184265007 0.00013990362194932378
0 1.0 0.02621950870676928 0.10296284397475285 0.00025879917184265007 0.00013990362194932378
0 1.0 0.02698503760993947 0.08066960143531669 0.00025879917184265007 0.00013990362194932378
0 1.0 0.02740133274419441 0.06854592021700935 0.00025879917184265007 0.00013990362194932378
0 1.0 0.027908143996005105 0.053788833643176846 0.00025879917184265007 0.00013990362194932378
0 1.0 0.02825582858878511 0.04366354067317992 0.00025879917184265007 0.00013990362194932378
0 1.0 0.028483608219534523 0.03703031956655369 0.00025879917184265007 0.00013990362194932378
0 1.0 0.028648847231890495 0.032218357668153924 0.00025879917184265007 0.00013990362194932378
0 1.0 0.007547380382717353 0.6522899385647493 0.00025879917184265007 0.00013990362194932378
0 1.0 0.028734959977925557 0.029710649306918895 0.00025879917184265007 0.00013990362194932378
0 1.0 0.012232049845930104 0.5138589793860388 0.00025879917184265007 0.00013990362194932378
0 1.0 0.015309552152119819 0.42291945857972735 0.00025879917184265007 0.00013990362194932378
0 1.0 0.01749119388734505 0.35845242192685384 0.00025879917184265007 0.00013990362194932378
0 1.0 0.02133812437693726 0.2451157934436181 0.00025879917184265007 0.00013990362194932378
0 1.0 0.02217733676852146 0.22067689567350743 0.00025879917184265007 0.00013990362194932378
0 1.0 0.022872997361839276 0.2004184029566695 0.00025879917184265007 0.00013990362194932378
0 1.0 0.023459046962174677 0.18335191726789857 0.00025879917184265007 0.00013990362194932378
0 1.0 0.023959524555647482 0.16877739374349715 0.00025879917184265007 0.00013990362194932378
0 1.0 0.02477151972880632 0.14513109487368236 0.00025879917184265007 0.00013990362194932378
0 1.0 0.027603923669038348 0.0578954908634422 0.00025879917184265007 0.00013990362194932378
0 1.0 0.025554646661411842 0.11398128661226464 0.00025879917184265007 0.00013990362194932378
0 1.0 0.02478552640843139 0.13503092082583626 0.00025879917184265007 0.00013990362194932378
0 1.0 0.023598950371414754 0.1619989258017218 0.00025879917184265007 0.00013990362194932378
0 1.0 0.02175727969471502 0.2108901257245748 0.00025879917184265007 0.00013990362194932378
0 1.0 0.02044019433623492 0.24585505424931417 0.00025879917184265007 0.00013990362194932378
0 1.0 0.026595294168034057 0.09201944861181888 0.00025879917184265007 0.00013990362194932378
0 1.0 0.027657683689548497 0.06108093162655446 0.00025879917184265007 0.00013990362194932378
0 1.0 0.02833876070736433 0.03948106468731885 0.00025879917184265007 0.00013990362194932378
0 1.0 0.02872422178182019 0.028601269901604238 0.00025879917184265007 0.00013990362194932378
0 1.0 0.028631309783463583 0.029781830709373056 0.00025879917184265007 0.00013990362194932378
0 1.0 0.028583260584268907 0.03109678610472264 0.00025879917184265007 0.00013990362194932378
0 1.0 0.02807716971430306 0.04494520339066835 0.00025879917184265007 0.00013990362194932378
0 1.0 0.027981401496210815 0.047563587882865126 0.00025879917184265007 0.00013990362194932378
0 1.0 -0.01184712940229518 3.1212327068840042 0.00025879917184265007 0.00013990362194932378
0 1.0 0.008410028050404389 1.8757121938329766 0.00025879917184265007 0.00013990362194932378
0 1.0 0.01673882016149855 1.3636019482815924 0.00025879917184265007 0.00013990362194932378
0 1.0 0.024126471489795617 0.9093593780122438 0.00025879917184265007 0.00013990362194932378
0 1.0 0.07770192233011163 -2.036401781347912 0.00025879917184265007 0.00013990362194932378
0 1.0 0.05177340650415982 -0.7103781886839449 0.00025879917184265007 0.00013990362194932378
0 1.0 0.0542212035486404 -0.854542080312299 0.00025879917184265007 0.00013990362194932378
0 1.0 0.08396608542326886 -2.553368061097395 0.00025879917184265007 0.00013990362194932378
0 1.0 -0.022989666606923177 3.52644513221632 0.00025879917184265007 0.00013990362194932378
0 1.0 0.006986367049707303 1.8214539948065467 0.00025879917184265007 0.00013990362194932378
0 1.0 0.020025847327876427 1.0792932836646911 0.00025879917184265007 0.00013990362194932378
0 1.0 1.6471913502756075 -91.42021577156987 0.00025879917184265007 0.00013990362194932378
0 1.0 0.02329534743491813 0.8932049984910173 0.00025879917184265007 0.00013990362194932378
0 1.0 0.029278705773652235 0.5526723987707051 0.00025879917184265007 0.00013990362194932378
0 1.0 0.03246676410551629 0.3491014943979306 0.00025879917184265007 0.00013990362194932378
0 1.0 0.031244224007254625 0.4137666780108234 0.00025879917184265007 0.00013990362194932378
0 1.0 0.028741522295720717 0.5461440879357204 0.00025879917184265007 0.00013990362194932378
0 1.0 0.09394521047635604 -2.6938081128878064 0.00025879917184265007 0.00013990362194932378
0 1.0 0.030475571179236275 0.4845489884910853 0.00025879917184265007 0.00013990362194932378
0 1.0 0.031146241763099755 0.44637563404885594 0.00025879917184265007 0.00013990362194932378
0 1.0 0.03387998718282331 0.2908329324451081 0.00025879917184265007 0.00013990362194932378
0 1.0 0.035195366007005346 0.21597771850019376 0.00025879917184265007 0.00013990362194932378
0 1.0 0.03525288604438687 0.20176176064932877 0.00025879917184265007 0.00013990362194932378
0 1.0 0.034833083872418916 0.2239614192109638 0.00025879917184265007 0.00013990362194932378
0 1.0 0.03422811311712766 0.2559530216943009 0.00025879917184265007 0.00013990362194932378
0 1.0 0.033697680426892716 0.2840027012635533 0.00025879917184265007 0.00013990362194932378
0 1.0 0.027545789846026746 0.651290388403638 0.00025879917184265007 0.00013990362194932378
0 1.0 0.03167842834345727 0.4160845381663522 0.00025879917184265007 0.00013990362194932378
0 1.0 0.03299017360730703 0.34142237450562263 0.00025879917184265007 0.00013990362194932378
0 1.0 0.03543748764489571 0.20152259919181553 0.00025879917184265007 0.00013990362194932378
0 1.0 0.0349976841161173 0.21525715455188243 0.00025879917184265007 0.00013990362194932378
0 1.0 0.034648155341039356 0.23374066888870093 0.00025879917184265007 0.00013990362194932378
0 1.0 0.032984373653664814 0.32172299244253166 0.00025879917184265007 0.00013990362194932378
0 1.0 0.0319094568856138 0.3785797697976735 0.00025879917184265007 0.00013990362194932378
0 1.0 0.11520751331009217 -4.0165269159465335 0.00025879917184265007 0.00013990362194932378
0 1.0 0.028223381273576292 0.040945550479600495 0.00025879917184265007 0.00013990362194932378
0 1.0 0.028146928992638175 0.043037808852087675 0.00025879917184265007 0.00013990362194932378
0 1.0 0.027254352024789232 0.06746359798096742 0.00025879917184265007 0.00013990362194932378
0 1.0 0.026292560483649138 0.09378633710691407 0.00025879917184265007 0.00013990362194932378
0 1.0 0.025219915239015726 0.12314217834135376 0.00025879917184265007 0.00013990362194932378
0 1.0 0.021405707350666537 0.22752759544428275 0.00025879917184265007 0.00013990362194932378
0 1.0 0.015090665059762002 0.40191973334246966 0.00025879917184265007 0.00013990362194932378
0 1.0 -9.828999822744669e-05 0.7974765393451474 0.00025879917184265007 0.00013990362194932378
0 1.0 -0.2225424459508805 6.777967712369583 0.00025879917184265007 0.00013990362194932378
0 1.0 0.028114448627261854 0.045809407773094314 0.00025879917184265007 0.00013990362194932378
0 1.0 0.028594150374727574 0.032272587994240515 0.00025879917184265007 0.00013990362194932378
0 1.0 0.028674849786452086 0.02859027782601909 0.00025879917184265007 0.00013990362194932378
0 1.0 0.02853252539740905 0.032485248531018966 0.00025879917184265007 0.00013990362194932378
0 1.0 0.028475890798570876 0.03403515930068626 0.00025879917184265007 0.00013990362194932378
0 1.0 0.028420989731231992 0.03553762876776765 0.00025879917184265007 0.00013990362194932378
0 1.0 0.02834953278753655 0.03749318047773089 0.00025879917184265007 0.00013990362194932378
0 1.0 0.02827876525895863 0.03942986506516963 0.00025879917184265007 0.00013990362194932378
0 1.0 -0.444571131500914 14.475896243660594 0.00025879917184265007 0.00013990362194932378
0 1.0 -0.041974970035728275 2.186145403145402 0.00025879917184265007 0.00013990362194932378
0 1.0 -0.008854091414401435 1.1750892013334724 0.00025879917184265007 0.00013990362194932378
0 1.0 0.0034314022800377964 0.8000591565663019 0.00025879917184265007 0.00013990362194932378
0 1.0 0.009837715019926592 0.6044984560044333 0.00025879917184265007 0.00013990362194932378
0 1.0 0.013770181509261747 0.48445500311427564 0.00025879917184265007 0.00013990362194932378
0 1.0 0.016429877618446064 0.40326445630328883 0.00025879917184265007 0.00013990362194932378
0 1.0 0.01834863042339134 0.3446921296037549 0.00025879917184265007 0.00013990362194932378
0 1.0 0.03252745819155294 0.3677592975740422 0.00025879917184265007 0.00013990362194932378
0 1.0 0.03213359871172523 0.39017706552993675 0.00025879917184265007 0.00013990362194932378
0 1.0 0.03512662187781197 0.20843876609070633 0.00025879917184265007 0.00013990362194932378
0 1.0 0.03445882856794739 0.24375250303313833 0.00025879917184265007 0.00013990362194932378
0 1.0 0.03395299048807214 0.2705018469159056 0.00025879917184265007 0.00013990362194932378
0 1.0 0.0333368882059287 0.30308136561336807 0.00025879917184265007 0.00013990362194932378
0 1.0 0.06176262806635413 -1.1916865903979332 0.00025879917184265007 0.00013990362194932378
0 1.0 0.018333216718649865 1.096497291061142 0.00025879917184265007 0.00013990362194932378
0 1.0 -0.027989212904775733 3.543610902482903 0.00025879917184265007 0.00013990362194932378
0 1.0 0.0661753332082878 -1.3205510204629523 0.00025879917184265007 0.00013990362194932378
0 1.0 0.04064622955310039 -0.29103105853843114 0.00025879917184265007 0.00013990362194932378
0 1.0 0.03961396505250914 -0.26375811089023415 0.00025879917184265007 0.00013990362194932378
0 1.0 0.03876838411348028 -0.24141743689704778 0.00025879917184265007 0.00013990362194932378
0 1.0 0.03806304239810146 -0.2227819537756208 0.00025879917184265007 0.00013990362194932378
0 1.0 0.03746571661894661 -0.20700030605405517 0.00025879917184265007 0.00013990362194932378
