0 1.0 0.07809280699274625 -2.219481607505721 0.00025879917184265007 0.00013990362194932378
0 1.0 0.1666122776545507 -7.843163941369731 0.00025879917184265007 0.00013990362194932378
0 1.0 0.10517872583773585 -4.424166945291111 0.00025879917184265007 0.00013990362194932378
0 1.0 0.028687896514929888 0.031081194842824462 0.00025879917184265007 0.00013990362194932378
0 1.0 0.02875975361255095 0.028988628378331 0.00025879917184265007 0.00013990362194932378
0 1.0 0.022494953201332747 0.19130695955587138 0.00025879917184265007 0.00013990362194932378
0 1.0 0.02044019433623492 0.24585505424931417 0.00025879917184265007 0.00013990362194932378
0 1.0 0.013298096043670228 1.4622128917284762 0.00025879917184265007 0.00013990362194932378
0 1.0 0.022503160955807816 0.9382934274890504 0.00025879917184265007 0.00013990362194932378
0 1.0 0.02512279851975082 0.8480984804950444 0.00025879917184265007 0.00013990362194932378
0 1.0 -0.07067206235924463 5.407456943054999 0.00025879917184265007 0.00013990362194932378
0 1.0 0.09394521047635604 -2.6938081128878064 0.00025879917184265007 0.00013990362194932378
0 1.0 0.07390808829274534 -1.836104547319664 0.00025879917184265007 0.00013990362194932378
0 1.0 -0.01468956151204315 1.1897681242504015 0.00025879917184265007 0.00013990362194932378
0 1.0 0.5139525003913107 -13.022963926913864 0.00025879917184265007 0.00013990362194932378
0 1.0 0.019285142183164603 0.31610393803993375 0.00025879917184265007 0.00013990362194932378
0 1.0 0.06310951922403463 -1.1664318938265463 0.00025879917184265007 0.00013990362194932378
0 1.0 0.03720731909020687 -0.2001733132923104 0.00025879917184265007 0.00013990362194932378
