0 1.0 0.05917767747076668 -1.1433583607702293 0.00025879917184265007 0.00013990362194932378
0 1.0 0.06735364483607034 -1.7439129729139073 0.00025879917184265007 0.00013990362194932378
0 1.0 0.08586629961887791 -2.8814797961364267 0.00025879917184265007 0.00013990362194932378
0 1.0 0.1674583775311774 -7.895155141987645 0.00025879917184265007 0.00013990362194932378
0 1.0 0.09135703862492865 -3.501594098423255 0.00025879917184265007 0.00013990362194932378
0 1.0 0.025529676509789986 0.12305208271232193 0.00025879917184265007 0.00013990362194932378
0 1.0 0.026998616053768874 0.08027417909901002 0.00025879917184265007 0.00013990362194932378
0 1.0 0.027505774859996036 0.06550411352234613 0.00025879917184265007 0.00013990362194932378
0 1.0 0.028194730377388694 0.045443669384522725 0.00025879917184265007 0.00013990362194932378
0 1.0 0.028638751626519434 0.03251235402951085 0.00025879917184265007 0.00013990362194932378
0 1.0 0.0287371495322686 0.029646886809655378 0.00025879917184265007 0.00013990362194932378
0 1.0 0.028147024388887762 0.04303519815690034 0.00025879917184265007 0.00013990362194932378
0 1.0 0.02794835956465071 0.04846797486031222 0.00025879917184265007 0.00013990362194932378
0 1.0 0.027168003169781976 0.0698270590961551 0.00025879917184265007 0.00013990362194932378
0 1.0 0.02635205942030724 0.09215800430814397 0.00025879917184265007 0.00013990362194932378
0 1.0 0.02509945614546827 0.12643905204848385 0.00025879917184265007 0.00013990362194932378
0 1.0 0.022251130764661703 0.19777976256445473 0.00025879917184265007 0.00013990362194932378
0 1.0 0.02060762746261053 0.24141017354457903 0.00025879917184265007 0.00013990362194932378
0 1.0 0.06984708049273752 -1.7507252883659379 0.00025879917184265007 0.00013990362194932378
0 1.0 0.09039994226117591 -2.9191224975568586 0.00025879917184265007 0.00013990362194932378
0 1.0 0.18585710625173193 -8.345709084886444 0.00025879917184265007 0.00013990362194932378
0 1.0 0.003651908344855644 2.0112394916878236 0.00025879917184265007 0.00013990362194932378
0 1.0 0.013904909549793659 1.4276752312061447 0.00025879917184265007 0.00013990362194932378
0 1.0 0.020450478710745325 1.0551247798317025 0.00025879917184265007 0.00013990362194932378
0 1.0 0.025550521020387764 0.8217992198210646 0.00025879917184265007 0.00013990362194932378
0 1.0 0.03532243256971512 0.19808405429255163 0.00025879917184265007 0.00013990362194932378
0 1.0 0.03450716259694017 0.2411965397432912 0.00025879917184265007 0.00013990362194932378
0 1.0 0.03332869914205693 0.30351440266868845 0.00025879917184265007 0.00013990362194932378
0 1.0 0.03210498675687994 0.3682373891712957 0.00025879917184265007 0.00013990362194932378
0 1.0 -0.19852862903169083 12.547318762810425 0.00025879917184265007 0.00013990362194932378
0 1.0 0.10825684678828514 -3.3981227765317805 0.00025879917184265007 0.00013990362194932378
0 1.0 0.035109719137489497 0.20933260392426453 0.00025879917184265007 0.00013990362194932378
0 1.0 0.02873197954334495 0.546648718191403 0.00025879917184265007 0.00013990362194932378
0 1.0 0.0027923324751091307 1.9179651023564837 0.00025879917184265007 0.00013990362194932378
0 1.0 0.0692738982257871 -1.4757314527846177 0.00025879917184265007 0.00013990362194932378
0 1.0 0.061168280248587975 -1.0688453941155238 0.00025879917184265007 0.00013990362194932378
0 1.0 0.02774640053121734 0.05399577275804514 0.00025879917184265007 0.00013990362194932378
0 1.0 0.027433680020486725 0.0625552105430597 0.00025879917184265007 0.00013990362194932378
0 1.0 0.02601909788845704 0.10127030468681857 0.00025879917184265007 0.00013990362194932378
0 1.0 0.02475328103356003 0.1359133911286691 0.00025879917184265007 0.00013990362194932378
0 1.0 0.020685424819371193 0.24723981606671916 0.00025879917184265007 0.00013990362194932378
0 1.0 0.00420104484644219 0.6818873750521726 0.00025879917184265007 0.00013990362194932378
0 1.0 -0.22052207087598827 6.723649201506278 0.00025879917184265007 0.00013990362194932378
0 1.0 -0.444571131500914 14.475896243660594 0.00025879917184265007 0.00013990362194932378
0 1.0 -0.041974970035728275 2.186145403145402 0.00025879917184265007 0.00013990362194932378
0 1.0 -0.008851484314762154 1.175009616359619 0.00025879917184265007 0.00013990362194932378
0 1.0 0.0034813503825837956 0.7985344283299147 0.00025879917184265007 0.00013990362194932378
0 1.0 0.010761264219100414 0.5763059627985939 0.00025879917184265007 0.00013990362194932378
0 1.0 0.018328946857865878 0.3452929950344635 0.00025879917184265007 0.00013990362194932378
0 1.0 0.020848902121866252 0.9634787824889364 0.00025879917184265007 0.00013990362194932378
0 1.0 0.024044300648667805 0.7945199986181237 0.00025879917184265007 0.00013990362194932378
0 1.0 0.04064622955310039 -0.29103105853843114 0.00025879917184265007 0.00013990362194932378
0 1.0 0.03961393129647366 -0.2637572190387864 0.00025879917184265007 0.00013990362194932378
0 1.0 0.03876761310980671 -0.24139706659194304 0.00025879917184265007 0.00013990362194932378
0 1.0 0.03805959757406893 -0.22269093979088894 0.00025879917184265007 0.00013990362194932378
0 1.0 0.037429211672803026 -0.2060358270038663 0.00025879917184265007 0.00013990362194932378
