0 1.0 0.060877793492054494 -1.2408357159014691 0.00025879917184265007 0.00013990362194932378
0 1.0 0.0657136061664471 -1.643135769360271 0.00025879917184265007 0.00013990362194932378
0 1.0 0.11578479113885473 -4.719913221989347 0.00025879917184265007 0.00013990362194932378
0 1.0 0.09443109600387671 -3.706781918395302 0.00025879917184265007 0.00013990362194932378
0 1.0 0.028564841658464932 0.030168812310644312 0.00025879917184265007 0.00013990362194932378
0 1.0 0.02807447805470734 0.04501877088445273 0.00025879917184265007 0.00013990362194932378
0 1.0 0.027748431833303208 0.05184197897317841 0.00025879917184265007 0.00013990362194932378
0 1.0 0.02538239394099478 0.11869545967142571 0.00025879917184265007 0.00013990362194932378
0 1.0 0.024722777535122538 0.13674819089796902 0.00025879917184265007 0.00013990362194932378
0 1.0 0.022583778879587495 0.1952869053287829 0.00025879917184265007 0.00013990362194932378
0 1.0 0.017883808891499844 0.3140234425835517 0.00025879917184265007 0.00013990362194932378
0 1.0 0.054219875649726586 -0.85446387322584 0.00025879917184265007 0.00013990362194932378
0 1.0 -0.018531362622851218 1.4229110969591483 0.00025879917184265007 0.00013990362194932378
0 1.0 -0.00040060107598692535 0.8871510542748122 0.00025879917184265007 0.00013990362194932378
0 1.0 0.024391828070252728 0.15618818330637185 0.00025879917184265007 0.00013990362194932378
0 1.0 0.02564825736171554 0.11959866387434742 0.00025879917184265007 0.00013990362194932378
0 1.0 0.025885531414801998 0.1126888360933352 0.00025879917184265007 0.00013990362194932378
0 1.0 0.02609982970550766 0.10644810195793426 0.00025879917184265007 0.00013990362194932378
0 1.0 0.0264719167694493 0.09561236248389171 0.00025879917184265007 0.00013990362194932378
0 1.0 0.02663593611128044 0.09083590119265678 0.00025879917184265007 0.00013990362194932378
0 1.0 0.026965450353356214 0.08124000838749056 0.00025879917184265007 0.00013990362194932378
0 1.0 0.027198797506526172 0.07444462340887678 0.00025879917184265007 0.00013990362194932378
0 1.0 0.02766980126944144 0.060728130892774235 0.00025879917184265007 0.00013990362194932378
0 1.0 0.027924051863363487 0.053325679504602874 0.00025879917184265007 0.00013990362194932378
0 1.0 0.007547380382717353 0.6522899385647493 0.00025879917184265007 0.00013990362194932378
0 1.0 0.02827353991005604 0.04314776536134023 0.00025879917184265007 0.00013990362194932378
0 1.0 0.028543769149961765 0.035278359778967296 0.00025879917184265007 0.00013990362194932378
0 1.0 0.02867213869640108 0.031540081768383986 0.00025879917184265007 0.00013990362194932378
0 1.0 0.028750102293225454 0.02926968658729392 0.00025879917184265007 0.00013990362194932378
0 1.0 0.012232049845930104 0.5138589793860388 0.00025879917184265007 0.00013990362194932378
0 1.0 0.015309552152119819 0.42291945857972735 0.00025879917184265007 0.00013990362194932378
0 1.0 0.01749119388734505 0.35845242192685384 0.00025879917184265007 0.00013990362194932378
0 1.0 0.02133812437693726 0.2451157934436181 0.00025879917184265007 0.00013990362194932378
0 1.0 0.02217733676852146 0.22067689567350743 0.00025879917184265007 0.00013990362194932378
0 1.0 0.022872997361839276 0.2004184029566695 0.00025879917184265007 0.00013990362194932378
0 1.0 0.023459046962174677 0.18335191726789857 0.00025879917184265007 0.00013990362194932378
0 1.0 0.02395949899775119 0.16877813802089447 0.00025879917184265007 0.00013990362194932378
0 1.0 0.024769061548930264 0.14520268009727283 0.00025879917184265007 0.00013990362194932378
0 1.0 0.027976733824300225 0.0476913462036294 0.00025879917184265007 0.00013990362194932378
0 1.0 0.027513840560983882 0.06036114544129976 0.00025879917184265007 0.00013990362194932378
0 1.0 0.026134748727814724 0.09810523879642256 0.00025879917184265007 0.00013990362194932378
0 1.0 0.026956842025787037 0.07560666057090804 0.00025879917184265007 0.00013990362194932378
0 1.0 0.026572820814808867 0.08611633298492692 0.00025879917184265007 0.00013990362194932378
0 1.0 0.02546340880399128 0.11250725668434176 0.00025879917184265007 0.00013990362194932378
0 1.0 0.023032466330021616 0.17703749098672472 0.00025879917184265007 0.00013990362194932378
0 1.0 0.026294339069723355 0.10078366118231448 0.00025879917184265007 0.00013990362194932378
0 1.0 0.026802120340450503 0.08599639550398183 0.00025879917184265007 0.00013990362194932378
0 1.0 0.027430196394479116 0.06770528572780363 0.00025879917184265007 0.00013990362194932378
0 1.0 0.028375897820650732 0.04016697796277816 0.00025879917184265007 0.00013990362194932378
0 1.0 0.028709479132108782 0.029017387154647887 0.00025879917184265007 0.00013990362194932378
0 1.0 0.02867834667285048 0.028494579048233604 0.00025879917184265007 0.00013990362194932378
0 1.0 0.02824053482612174 0.040476111720014536 0.00025879917184265007 0.00013990362194932378
0 1.0 0.028163070013048536 0.042596079911110855 0.00025879917184265007 0.00013990362194932378
0 1.0 -0.0336570445664123 4.13310030376501 0.00025879917184265007 0.00013990362194932378
0 1.0 0.008318350763102585 1.8813491310365313 0.00025879917184265007 0.00013990362194932378
0 1.0 0.01668800282927217 1.3667265401957112 0.00025879917184265007 0.00013990362194932378
0 1.0 0.024126471489795617 0.9093593780122438 0.00025879917184265007 0.00013990362194932378
0 1.0 0.05615116581825629 -0.8874084222553099 0.00025879917184265007 0.00013990362194932378
0 1.0 0.0517729526340361 -0.7103514578389643 0.00025879917184265007 0.00013990362194932378
0 1.0 0.069900342462659 -1.7537531458834668 0.00025879917184265007 0.00013990362194932378
0 1.0 1.7543795169684149 -97.51369103711616 0.00025879917184265007 0.00013990362194932378
0 1.0 0.003568614655025386 2.0159802714397204 0.00025879917184265007 0.00013990362194932378
0 1.0 0.020025847327876427 1.0792932836646911 0.00025879917184265007 0.00013990362194932378
0 1.0 0.0973286272166329 -3.3130071184202587 0.00025879917184265007 0.00013990362194932378
0 1.0 0.02329404939499055 0.8932788782941429 0.00025879917184265007 0.00013990362194932378
0 1.0 0.028825505238619355 0.5784677520685247 0.00025879917184265007 0.00013990362194932378
0 1.0 0.03334022000696064 0.30290518023609353 0.00025879917184265007 0.00013990362194932378
0 1.0 0.03250127836279898 0.34727589310467105 0.00025879917184265007 0.00013990362194932378
0 1.0 0.031949460875178214 0.37646379394206897 0.00025879917184265007 0.00013990362194932378
0 1.0 -4.360781014133639 232.29537095808487 0.00025879917184265007 0.00013990362194932378
0 1.0 0.08853083538975422 -2.60811928717861 0.00025879917184265007 0.00013990362194932378
0 1.0 0.09394521047635604 -2.6938081128878064 0.00025879917184265007 0.00013990362194932378
0 1.0 0.029757132980194455 0.5254411890388919 0.00025879917184265007 0.00013990362194932378
0 1.0 0.03051776321677688 0.4821474941622297 0.00025879917184265007 0.00013990362194932378
0 1.0 0.03309855838178628 0.3352533095251603 0.00025879917184265007 0.00013990362194932378
0 1.0 0.033451703829658855 0.31517683510319483 0.00025879917184265007 0.00013990362194932378
0 1.0 0.03502109284596232 0.2258965220888795 0.00025879917184265007 0.00013990362194932378
0 1.0 0.03515337343695745 0.20702411052511663 0.00025879917184265007 0.00013990362194932378
0 1.0 0.034659193208670266 0.2331569727836844 0.00025879917184265007 0.00013990362194932378
0 1.0 0.03427902041077382 0.25326098098392563 0.00025879917184265007 0.00013990362194932378
0 1.0 0.02677740773737781 0.6950185451061461 0.00025879917184265007 0.00013990362194932378
0 1.0 0.03115406151683764 0.4459305478347465 0.00025879917184265007 0.00013990362194932378
0 1.0 0.032675575222408056 0.35932874455173336 0.00025879917184265007 0.00013990362194932378
0 1.0 0.034371083517575035 0.26289197692828464 0.00025879917184265007 0.00013990362194932378
0 1.0 0.03528674271052366 0.19997137823003724 0.00025879917184265007 0.00013990362194932378
0 1.0 0.03500062285199249 0.21510175056069786 0.00025879917184265007 0.00013990362194932378
0 1.0 0.03371555276777676 0.2830576132792253 0.00025879917184265007 0.00013990362194932378
0 1.0 0.03289767604517294 0.3263087862172278 0.00025879917184265007 0.00013990362194932378
0 1.0 0.028803344540056112 0.5428748513523456 0.00025879917184265007 0.00013990362194932378
0 1.0 0.028362804056019326 0.037129987617349466 0.00025879917184265007 0.00013990362194932378
0 1.0 0.028305151713284012 0.03870775083515438 0.00025879917184265007 0.00013990362194932378
0 1.0 0.027889844594244057 0.05006958150746687 0.00025879917184265007 0.00013990362194932378
0 1.0 0.027706780647777512 0.05508020411357213 0.00025879917184265007 0.00013990362194932378
0 1.0 0.027275274465640677 0.06689092825207477 0.00025879917184265007 0.00013990362194932378
0 1.0 0.023616132940231706 0.16703411545854951 0.00025879917184265007 0.00013990362194932378
0 1.0 0.021482877216423116 0.2254156610947691 0.00025879917184265007 0.00013990362194932378
0 1.0 0.019890972159371207 0.26904021973796916 0.00025879917184265007 0.00013990362194932378
0 1.0 0.021213625208865557 0.22532263013098344 0.00025879917184265007 0.00013990362194932378
0 1.0 0.01666123669771016 0.3583638987868195 0.00025879917184265007 0.00013990362194932378
0 1.0 0.02683686796456349 0.08186521829253218 0.00025879917184265007 0.00013990362194932378
0 1.0 -0.007691927194962069 1.0337373435802355 0.00025879917184265007 0.00013990362194932378
0 1.0 0.8392062829872696 -21.76752890537953 0.00025879917184265007 0.00013990362194932378
0 1.0 0.027810296333184464 0.05439348149237863 0.00025879917184265007 0.00013990362194932378
0 1.0 0.02854147023106204 0.033759506363811316 0.00025879917184265007 0.00013990362194932378
0 1.0 0.028633158198284193 0.029731245411762572 0.00025879917184265007 0.00013990362194932378
0 1.0 0.028585180414774928 0.031044246384511618 0.00025879917184265007 0.00013990362194932378
0 1.0 0.028536200197763022 0.03238468080807514 0.00025879917184265007 0.00013990362194932378
0 1.0 0.02848248547721489 0.033854683696328866 0.00025879917184265007 0.00013990362194932378
0 1.0 0.028428259994445804 0.03533866453945901 0.00025879917184265007 0.00013990362194932378
0 1.0 -0.444571131500914 14.475896243660594 0.00025879917184265007 0.00013990362194932378
0 1.0 -0.041974970035728275 2.186145403145402 0.00025879917184265007 0.00013990362194932378
0 1.0 -0.008854091414401435 1.1750892013334724 0.00025879917184265007 0.00013990362194932378
0 1.0 0.0034314022800377964 0.8000591565663019 0.00025879917184265007 0.00013990362194932378
0 1.0 0.009837715019926592 0.6044984560044333 0.00025879917184265007 0.00013990362194932378
0 1.0 0.013770181509261747 0.48445500311427564 0.00025879917184265007 0.00013990362194932378
0 1.0 0.016429877618446064 0.40326445630328883 0.00025879917184265007 0.00013990362194932378
0 1.0 0.01834863042339134 0.3446921296037549 0.00025879917184265007 0.00013990362194932378
0 1.0 0.03222233216698126 0.38512651803333686 0.00025879917184265007 0.00013990362194932378
0 1.0 0.03170253786939889 0.41471226763391994 0.00025879917184265007 0.00013990362194932378
0 1.0 0.06710157960361879 -1.3671136254454317 0.00025879917184265007 0.00013990362194932378
0 1.0 0.035431882882563534 0.20251629724616382 0.00025879917184265007 0.00013990362194932378
0 1.0 0.03484499947244596 0.2233313075302229 0.00025879917184265007 0.00013990362194932378
0 1.0 0.03446651370465392 0.2433461034900282 0.00025879917184265007 0.00013990362194932378
0 1.0 0.03400865220906855 0.26755838620135014 0.00025879917184265007 0.00013990362194932378
0 1.0 0.06621969758054681 -1.4298106370504706 0.00025879917184265007 0.00013990362194932378
0 1.0 0.03128837320196961 0.41143144517333585 0.00025879917184265007 0.00013990362194932378
0 1.0 0.030369586636373465 0.46002985274279773 0.00025879917184265007 0.00013990362194932378
0 1.0 -0.014957176697977151 2.8555784845467342 0.00025879917184265007 0.00013990362194932378
0 1.0 0.04064622955310039 -0.29103105853843114 0.00025879917184265007 0.00013990362194932378
0 1.0 0.03961396505250914 -0.26375811089023415 0.00025879917184265007 0.00013990362194932378
0 1.0 0.03876838411348028 -0.24141743689704778 0.00025879917184265007 0.00013990362194932378
0 1.0 0.03806304239810146 -0.2227819537756208 0.00025879917184265007 0.00013990362194932378
0 1.0 0.03746571661894661 -0.20700030605405517 0.00025879917184265007 0.00013990362194932378
