0 1.0 0.028092535902770225 0.04271169503196771 0.00025879917184265007 0.00013990362194932378
0 1.0 0.027609051367970157 0.057755141195028815 0.00025879917184265007 0.00013990362194932378
0 1.0 0.09266229508598295 -3.5887176276007904 0.00025879917184265007 0.00013990362194932378
0 1.0 0.020718149279455693 0.24634423447351358 0.00025879917184265007 0.00013990362194932378
0 1.0 0.013973209619426394 0.4329095354671005 0.00025879917184265007 0.00013990362194932378
0 1.0 0.41929307445336955 -10.80761241734863 0.00025879917184265007 0.00013990362194932378
0 1.0 0.05155073224654142 -0.6658778560555133 0.00025879917184265007 0.00013990362194932378
0 1.0 0.054048665593684826 -0.8443803950957637 0.00025879917184265007 0.00013990362194932378
0 1.0 0.05975279456755148 -1.176599894821812 0.00025879917184265007 0.00013990362194932378
0 1.0 0.06942052119722478 -1.870918526884247 0.00025879917184265007 0.00013990362194932378
0 1.0 0.1426346806627742 -6.369786991469761 0.00025879917184265007 0.00013990362194932378
0 1.0 -0.018531362622851218 1.4229110969591483 0.00025879917184265007 0.00013990362194932378
0 1.0 -0.00040060107598692535 0.8871510542748122 0.00025879917184265007 0.00013990362194932378
0 1.0 0.02741832727553399 0.06805096587024344 0.00025879917184265007 0.00013990362194932378
0 1.0 0.027850627576593377 0.055463411830583315 0.00025879917184265007 0.00013990362194932378
0 1.0 0.028273402043788795 0.04315178019546174 0.00025879917184265007 0.00013990362194932378
0 1.0 0.02846356623747124 0.03761396656783894 0.00025879917184265007 0.00013990362194932378
0 1.0 0.02866069068677143 0.0318734617938691 0.00025879917184265007 0.00013990362194932378
0 1.0 0.02873634714058536 0.029670253435685585 0.00025879917184265007 0.00013990362194932378
0 1.0 0.007547380382717353 0.6522899385647493 0.00025879917184265007 0.00013990362194932378
0 1.0 0.012232049845930104 0.5138589793860388 0.00025879917184265007 0.00013990362194932378
0 1.0 0.015309552152119819 0.42291945857972735 0.00025879917184265007 0.00013990362194932378
0 1.0 0.019085062919722236 0.3113539402325034 0.00025879917184265007 0.00013990362194932378
0 1.0 0.02212055152454084 0.22233055187116343 0.00025879917184265007 0.00013990362194932378
0 1.0 0.02367108484028568 0.17717711327487806 0.00025879917184265007 0.00013990362194932378
0 1.0 0.025904879736301536 0.11212537975382228 0.00025879917184265007 0.00013990362194932378
0 1.0 0.02654033078428759 0.09362005541812211 0.00025879917184265007 0.00013990362194932378
0 1.0 0.027177835576597836 0.07505506832908981 0.00025879917184265007 0.00013990362194932378
0 1.0 0.02748462993813547 0.06358677074971174 0.00025879917184265007 0.00013990362194932378
0 1.0 0.02044019433623492 0.24585505424931417 0.00025879917184265007 0.00013990362194932378
0 1.0 0.028606368750485285 0.03192771939487211 0.00025879917184265007 0.00013990362194932378
0 1.0 0.028729791558160533 0.028444060710842968 0.00025879917184265007 0.00013990362194932378
0 1.0 0.02862595134597442 0.029928474283149757 0.00025879917184265007 0.00013990362194932378
0 1.0 0.02852327805267111 0.03273831925976389 0.00025879917184265007 0.00013990362194932378
0 1.0 0.028419747145341918 0.035571634433787636 0.00025879917184265007 0.00013990362194932378
0 1.0 0.028358964418119737 0.03723506642525626 0.00025879917184265007 0.00013990362194932378
0 1.0 0.026181752012172817 0.096818879848363 0.00025879917184265007 0.00013990362194932378
0 1.0 0.024889579342385094 0.1321832204084169 0.00025879917184265007 0.00013990362194932378
0 1.0 0.06980503451305949 -1.6194819130542188 0.00025879917184265007 0.00013990362194932378
0 1.0 0.007979549720166476 1.9021809014753628 0.00025879917184265007 0.00013990362194932378
0 1.0 0.01665480690840022 1.3687676490338532 0.00025879917184265007 0.00013990362194932378
0 1.0 0.021369483292549223 1.0788775847151815 0.00025879917184265007 0.00013990362194932378
0 1.0 0.024372467505903474 0.8942338858000185 0.00025879917184265007 0.00013990362194932378
0 1.0 0.06074151630781735 -1.136738874274435 0.00025879917184265007 0.00013990362194932378
0 1.0 0.12951766159409422 -5.1429020672069425 0.00025879917184265007 0.00013990362194932378
0 1.0 -0.2241616068242442 14.963196773162496 0.00025879917184265007 0.00013990362194932378
0 1.0 0.003651843446282805 2.011243185483125 0.00025879917184265007 0.00013990362194932378
0 1.0 0.013904836363125072 1.427679396730299 0.00025879917184265007 0.00013990362194932378
0 1.0 0.019439977565643127 1.1126389009822415 0.00025879917184265007 0.00013990362194932378
0 1.0 0.02290453834448591 0.9154484580682717 0.00025879917184265007 0.00013990362194932378
0 1.0 -0.06528052327031038 6.405049699947628 0.00025879917184265007 0.00013990362194932378
0 1.0 0.025277365988489033 0.7803955714406708 0.00025879917184265007 0.00013990362194932378
0 1.0 0.029756365796017748 0.5254848557721635 0.00025879917184265007 0.00013990362194932378
0 1.0 0.4267206327229791 -20.463007064357704 0.00025879917184265007 0.00013990362194932378
0 1.0 0.030525504136276343 0.4817068950501299 0.00025879917184265007 0.00013990362194932378
0 1.0 0.031189556303917045 0.44391024886736313 0.00025879917184265007 0.00013990362194932378
0 1.0 0.03514826405839488 0.2072943007888304 0.00025879917184265007 0.00013990362194932378
0 1.0 0.035004636767994465 0.214889489713353 0.00025879917184265007 0.00013990362194932378
0 1.0 0.034680246731217085 0.2320436364475046 0.00025879917184265007 0.00013990362194932378
0 1.0 0.03403170288911376 0.26633943770420826 0.00025879917184265007 0.00013990362194932378
0 1.0 0.03293414860292633 0.3243796023423519 0.00025879917184265007 0.00013990362194932378
0 1.0 0.02970607827704765 0.4951255440379166 0.00025879917184265007 0.00013990362194932378
0 1.0 0.028824767300410056 0.5785097541743263 0.00025879917184265007 0.00013990362194932378
0 1.0 0.03416382873848954 0.274687938132304 0.00025879917184265007 0.00013990362194932378
0 1.0 0.035289725979619914 0.19981361926698998 0.00025879917184265007 0.00013990362194932378
0 1.0 0.03485636925920708 0.22273005913069205 0.00025879917184265007 0.00013990362194932378
0 1.0 0.034260306562616326 0.2542505924419208 0.00025879917184265007 0.00013990362194932378
0 1.0 0.03375883527153742 0.28076883787474827 0.00025879917184265007 0.00013990362194932378
0 1.0 0.007312387670053797 1.6791829438848658 0.00025879917184265007 0.00013990362194932378
0 1.0 0.1049049931220921 -3.2331689140918223 0.00025879917184265007 0.00013990362194932378
0 1.0 0.027735131711651245 0.05651531573188889 0.00025879917184265007 0.00013990362194932378
0 1.0 0.0282662687035383 0.04152718082588299 0.00025879917184265007 0.00013990362194932378
0 1.0 0.02733273868637276 0.0653180706710054 0.00025879917184265007 0.00013990362194932378
0 1.0 0.026959419203165726 0.07553612985742508 0.00025879917184265007 0.00013990362194932378
0 1.0 0.006728266727108568 0.6338297140558269 0.00025879917184265007 0.00013990362194932378
0 1.0 -0.16622387981611453 5.263822797193436 0.00025879917184265007 0.00013990362194932378
0 1.0 0.028670339984005973 0.028713696928894136 0.00025879917184265007 0.00013990362194932378
0 1.0 0.028580536616037565 0.031171332544259543 0.00025879917184265007 0.00013990362194932378
0 1.0 0.028470410534154916 0.034185136894121414 0.00025879917184265007 0.00013990362194932378
0 1.0 0.028289305691525133 0.03914140659125229 0.00025879917184265007 0.00013990362194932378
0 1.0 0.028211205469767037 0.04127876391874312 0.00025879917184265007 0.00013990362194932378
0 1.0 0.028131569901307076 0.04345813885450165 0.00025879917184265007 0.00013990362194932378
0 1.0 0.027991046727347483 0.04729958935061794 0.00025879917184265007 0.00013990362194932378
0 1.0 0.02782356226730402 0.05188378759316215 0.00025879917184265007 0.00013990362194932378
0 1.0 -0.444571131500914 14.475896243660594 0.00025879917184265007 0.00013990362194932378
0 1.0 -0.041974970035728275 2.186145403145402 0.00025879917184265007 0.00013990362194932378
0 1.0 -0.008854091414401435 1.1750892013334724 0.00025879917184265007 0.00013990362194932378
0 1.0 0.0034314022800377964 0.8000591565663019 0.00025879917184265007 0.00013990362194932378
0 1.0 0.009837715019926592 0.6044984560044333 0.00025879917184265007 0.00013990362194932378
0 1.0 0.013770181509261747 0.48445500311427564 0.00025879917184265007 0.00013990362194932378
0 1.0 0.016429877618446064 0.40326445630328883 0.00025879917184265007 0.00013990362194932378
0 1.0 0.01834863042339134 0.3446921296037549 0.00025879917184265007 0.00013990362194932378
0 1.0 0.03541858118020231 0.2032733671950102 0.00025879917184265007 0.00013990362194932378
0 1.0 0.03514771237939719 0.21868993746555 0.00025879917184265007 0.00013990362194932378
0 1.0 0.03450821738016783 0.2411407615004091 0.00025879917184265007 0.00013990362194932378
0 1.0 0.033401260885458674 0.29967734336818563 0.00025879917184265007 0.00013990362194932378
0 1.0 0.032052699419664696 0.3710030819010969 0.00025879917184265007 0.00013990362194932378
0 1.0 0.02570447256108902 0.7067373245677788 0.00025879917184265007 0.00013990362194932378
0 1.0 0.06275379564270687 -1.1485495930869043 0.00025879917184265007 0.00013990362194932378
0 1.0 0.04064622955310039 -0.29103105853843114 0.00025879917184265007 0.00013990362194932378
0 1.0 0.03961396505250914 -0.26375811089023415 0.00025879917184265007 0.00013990362194932378
0 1.0 0.03876838411348028 -0.24141743689704778 0.00025879917184265007 0.00013990362194932378
0 1.0 0.03806304239810146 -0.2227819537756208 0.00025879917184265007 0.00013990362194932378
0 1.0 0.03746571661894661 -0.20700030605405517 0.00025879917184265007 0.00013990362194932378
