0 1.0 0.24143858807698004 -5.875267787904843 0.00025879917184265007 0.00013990362194932378
0 1.0 0.054013847563553416 -0.8423297746270892 0.00025879917184265007 0.00013990362194932378
0 1.0 0.0781231238805532 -2.405676626378203 0.00025879917184265007 0.00013990362194932378
0 1.0 -0.8164905508933145 48.63614669958495 0.00025879917184265007 0.00013990362194932378
0 1.0 0.09135703862492865 -3.501594098423255 0.00025879917184265007 0.00013990362194932378
0 1.0 0.005027478129085101 0.7267524996368099 0.00025879917184265007 0.00013990362194932378
0 1.0 0.021218907807337317 0.24858752668561157 0.00025879917184265007 0.00013990362194932378
0 1.0 0.02404857393124029 0.16618416632165678 0.00025879917184265007 0.00013990362194932378
0 1.0 0.02693905251203825 0.08200874862153686 0.00025879917184265007 0.00013990362194932378
0 1.0 0.02802490283189309 0.05038942523485174 0.00025879917184265007 0.00013990362194932378
0 1.0 0.02840926471508759 0.039195293235250395 0.00025879917184265007 0.00013990362194932378
0 1.0 0.028575996799623558 0.03433985125100879 0.00025879917184265007 0.00013990362194932378
0 1.0 0.028715830152208056 0.03026773320111065 0.00025879917184265007 0.00013990362194932378
0 1.0 0.02875975361255095 0.028988628378331 0.00025879917184265007 0.00013990362194932378
0 1.0 0.028642016561365103 0.029488819887041256 0.00025879917184265007 0.00013990362194932378
0 1.0 0.028545669057259023 0.03212554791739701 0.00025879917184265007 0.00013990362194932378
0 1.0 0.028158271248843094 0.04272740698812162 0.00025879917184265007 0.00013990362194932378
0 1.0 0.027905564053350464 0.0496393259673969 0.00025879917184265007 0.00013990362194932378
0 1.0 0.027364316123220107 0.06445376223171305 0.00025879917184265007 0.00013990362194932378
0 1.0 0.0265203133376997 0.08755332752566654 0.00025879917184265007 0.00013990362194932378
0 1.0 0.025132046968790046 0.12129927164805934 0.00025879917184265007 0.00013990362194932378
0 1.0 0.02351007928233103 0.16435820438432885 0.00025879917184265007 0.00013990362194932378
0 1.0 0.05450521044740899 -0.7980063607896505 0.00025879917184265007 0.00013990362194932378
0 1.0 0.06512320148519768 -1.48218034746429 0.00025879917184265007 0.00013990362194932378
0 1.0 0.10425069836488765 -3.7065157549577306 0.00025879917184265007 0.00013990362194932378
0 1.0 -0.019757876793690184 3.3426528253343726 0.00025879917184265007 0.00013990362194932378
0 1.0 0.005701817787017152 1.8945659573968732 0.00025879917184265007 0.00013990362194932378
0 1.0 0.017166201394447484 1.2420541310522044 0.00025879917184265007 0.00013990362194932378
0 1.0 0.022521882324802723 0.9372278739370394 0.00025879917184265007 0.00013990362194932378
0 1.0 0.025284187662062904 0.7800073061108623 0.00025879917184265007 0.00013990362194932378
0 1.0 0.034849416081707524 0.2356675510596805 0.00025879917184265007 0.00013990362194932378
0 1.0 0.03530787686621418 0.19885377791339645 0.00025879917184265007 0.00013990362194932378
0 1.0 0.03515156390067309 0.2071198010440093 0.00025879917184265007 0.00013990362194932378
0 1.0 0.03492673440675213 0.21900906301764975 0.00025879917184265007 0.00013990362194932378
0 1.0 0.028968071596399688 0.5341617585387756 0.00025879917184265007 0.00013990362194932378
0 1.0 0.024805518629396495 0.7542701007710346 0.00025879917184265007 0.00013990362194932378
0 1.0 -0.10393970846216323 7.553452670305698 0.00025879917184265007 0.00013990362194932378
0 1.0 0.03537114721492491 0.20597308402004028 0.00025879917184265007 0.00013990362194932378
0 1.0 0.033982973899089094 0.2689162870223745 0.00025879917184265007 0.00013990362194932378
0 1.0 0.031071625177640762 0.42289614135048786 0.00025879917184265007 0.00013990362194932378
0 1.0 0.015914458631565293 1.2243907044941686 0.00025879917184265007 0.00013990362194932378
0 1.0 0.13811958452793446 -5.226180381435993 0.00025879917184265007 0.00013990362194932378
0 1.0 0.062194725460073805 -1.1204450150797525 0.00025879917184265007 0.00013990362194932378
0 1.0 0.028432082459311208 0.03523405570346306 0.00025879917184265007 0.00013990362194932378
0 1.0 0.02829922522596145 0.038869940145504746 0.00025879917184265007 0.00013990362194932378
0 1.0 0.0276445717262793 0.056782917478911614 0.00025879917184265007 0.00013990362194932378
0 1.0 0.02701450354263969 0.07402850913178181 0.00025879917184265007 0.00013990362194932378
0 1.0 0.026039155984187042 0.10072136621846073 0.00025879917184265007 0.00013990362194932378
0 1.0 0.02507053859511534 0.12723050339205272 0.00025879917184265007 0.00013990362194932378
0 1.0 0.021556512787160403 0.22340045101682657 0.00025879917184265007 0.00013990362194932378
0 1.0 0.014443754279904037 0.4198601686712086 0.00025879917184265007 0.00013990362194932378
0 1.0 -0.06622002598702927 2.575183203440432 0.00025879917184265007 0.00013990362194932378
0 1.0 0.26676364666586116 -6.3772026505881945 0.00025879917184265007 0.00013990362194932378
0 1.0 -0.444571131500914 14.475896243660594 0.00025879917184265007 0.00013990362194932378
0 1.0 -0.041974970035728275 2.186145403145402 0.00025879917184265007 0.00013990362194932378
0 1.0 -0.008854091414401435 1.1750892013334724 0.00025879917184265007 0.00013990362194932378
0 1.0 0.0034314022800377964 0.8000591565663019 0.00025879917184265007 0.00013990362194932378
0 1.0 0.009837715019926592 0.6044984560044333 0.00025879917184265007 0.00013990362194932378
0 1.0 0.013770447358050832 0.48444688774783096 0.00025879917184265007 0.00013990362194932378
0 1.0 0.016441362788780403 0.40291385712902783 0.00025879917184265007 0.00013990362194932378
0 1.0 0.01843802031595927 0.34196339144757815 0.00025879917184265007 0.00013990362194932378
0 1.0 0.03243321553108125 0.35087601674601204 0.00025879917184265007 0.00013990362194932378
0 1.0 0.03332178537964283 0.30388000188294084 0.00025879917184265007 0.00013990362194932378
0 1.0 0.09836823820256485 -2.9114773728784495 0.00025879917184265007 0.00013990362194932378
0 1.0 0.04064622955310039 -0.29103105853843114 0.00025879917184265007 0.00013990362194932378
0 1.0 0.03961396505250914 -0.26375811089023415 0.00025879917184265007 0.00013990362194932378
0 1.0 0.03876838411348028 -0.24141743689704778 0.00025879917184265007 0.00013990362194932378
0 1.0 0.03806304239810146 -0.2227819537756208 0.00025879917184265007 0.00013990362194932378
0 1.0 0.03746571661894661 -0.20700030605405517 0.00025879917184265007 0.00013990362194932378
