0 1.0 0.08473604384767695 -2.5971389619289673 0.00025879917184265007 0.00013990362194932378
0 1.0 0.14440773997468742 -6.478738056160441 0.00025879917184265007 0.00013990362194932378
0 1.0 0.09040391468744925 -3.4379747840168977 0.00025879917184265007 0.00013990362194932378
0 1.0 0.027720027172674543 0.05471763497648932 0.00025879917184265007 0.00013990362194932378
0 1.0 0.02750992043681457 0.06046844271725525 0.00025879917184265007 0.00013990362194932378
0 1.0 0.025802217530980352 0.1072058236719574 0.00025879917184265007 0.00013990362194932378
0 1.0 0.02236284542351551 0.20133326747106106 0.00025879917184265007 0.00013990362194932378
0 1.0 0.0193438601931421 0.2841109005074673 0.00025879917184265007 0.00013990362194932378
0 1.0 0.007426883536480199 0.6144553426922016 0.00025879917184265007 0.00013990362194932378
0 1.0 0.1288120063331271 -2.7536753723013616 0.00025879917184265007 0.00013990362194932378
0 1.0 0.061197847072056895 -1.259030248316451 0.00025879917184265007 0.00013990362194932378
0 1.0 -0.018531362622851218 1.4229110969591483 0.00025879917184265007 0.00013990362194932378
0 1.0 -0.00040060107598692535 0.8871510542748122 0.00025879917184265007 0.00013990362194932378
0 1.0 0.024400678183024518 0.15593045712947942 0.00025879917184265007 0.00013990362194932378
0 1.0 0.02565205193436791 0.11948815940413922 0.00025879917184265007 0.00013990362194932378
0 1.0 0.026392021973363183 0.0979390051628346 0.00025879917184265007 0.00013990362194932378
0 1.0 0.02684413993935638 0.08477272892047731 0.00025879917184265007 0.00013990362194932378
0 1.0 0.027548285501314544 0.06426603636068204 0.00025879917184265007 0.00013990362194932378
0 1.0 0.0278512265895876 0.05544597169602086 0.00025879917184265007 0.00013990362194932378
0 1.0 0.028226263617865312 0.04452488829547062 0.00025879917184265007 0.00013990362194932378
0 1.0 0.028509423317273082 0.036278552384274736 0.00025879917184265007 0.00013990362194932378
0 1.0 0.02865459209826164 0.032051060141406476 0.00025879917184265007 0.00013990362194932378
0 1.0 0.02874052306243207 0.02954864549013723 0.00025879917184265007 0.00013990362194932378
0 1.0 0.007547380382717353 0.6522899385647493 0.00025879917184265007 0.00013990362194932378
0 1.0 0.012232049845930104 0.5138589793860388 0.00025879917184265007 0.00013990362194932378
0 1.0 0.015309552152119819 0.42291945857972735 0.00025879917184265007 0.00013990362194932378
0 1.0 0.01749119388734505 0.35845242192685384 0.00025879917184265007 0.00013990362194932378
0 1.0 0.02133812437693726 0.2451157934436181 0.00025879917184265007 0.00013990362194932378
0 1.0 0.02217733676852146 0.22067689567350743 0.00025879917184265007 0.00013990362194932378
0 1.0 0.02287300663408556 0.2004181329374457 0.00025879917184265007 0.00013990362194932378
0 1.0 0.023459272483931804 0.183345349796752 0.00025879917184265007 0.00013990362194932378
0 1.0 0.02396053705797242 0.16874790842957785 0.00025879917184265007 0.00013990362194932378
0 1.0 0.024838223112900692 0.14318861022837653 0.00025879917184265007 0.00013990362194932378
0 1.0 0.02719500197161942 0.0690880728259363 0.00025879917184265007 0.00013990362194932378
0 1.0 0.024266284285619347 0.14428307886586014 0.00025879917184265007 0.00013990362194932378
0 1.0 0.023482299600217974 0.16509567716334772 0.00025879917184265007 0.00013990362194932378
0 1.0 0.02181986012033249 0.2092287906450571 0.00025879917184265007 0.00013990362194932378
0 1.0 0.02044019433623492 0.24585505424931417 0.00025879917184265007 0.00013990362194932378
0 1.0 0.02726090273084932 0.07263585033232836 0.00025879917184265007 0.00013990362194932378
0 1.0 0.02800880933679763 0.050857983885088005 0.00025879917184265007 0.00013990362194932378
0 1.0 0.02857266385518568 0.032879053701848175 0.00025879917184265007 0.00013990362194932378
0 1.0 0.028683117496105966 0.0283640166271068 0.00025879917184265007 0.00013990362194932378
0 1.0 0.028590136425125943 0.030908615975270674 0.00025879917184265007 0.00013990362194932378
0 1.0 0.02853826019408739 0.032328305190447076 0.00025879917184265007 0.00013990362194932378
0 1.0 0.027996038196466087 0.047162968413037964 0.00025879917184265007 0.00013990362194932378
0 1.0 0.02788459918814305 0.050213152925516084 0.00025879917184265007 0.00013990362194932378
0 1.0 -0.01184712940229518 3.1212327068840042 0.00025879917184265007 0.00013990362194932378
0 1.0 0.008410028050404389 1.8757121938329766 0.00025879917184265007 0.00013990362194932378
0 1.0 0.017673382310231182 1.306138771738488 0.00025879917184265007 0.00013990362194932378
0 1.0 0.024126471489795617 0.9093593780122438 0.00025879917184265007 0.00013990362194932378
0 1.0 0.06759363484904618 -1.5027300383885611 0.00025879917184265007 0.00013990362194932378
0 1.0 0.05178926271814781 -0.7113120461375892 0.00025879917184265007 0.00013990362194932378
0 1.0 0.05466134548022583 -0.880464398451079 0.00025879917184265007 0.00013990362194932378
0 1.0 0.19447841357685045 -8.83581657121779 0.00025879917184265007 0.00013990362194932378
0 1.0 -0.005838195148058251 2.5510387202841236 0.00025879917184265007 0.00013990362194932378
0 1.0 0.012641521601738957 1.4995827672408548 0.00025879917184265007 0.00013990362194932378
0 1.0 0.020025847327876427 1.0792932836646911 0.00025879917184265007 0.00013990362194932378
0 1.0 -0.0763930646514408 6.562792283212396 0.00025879917184265007 0.00013990362194932378
0 1.0 0.02431130618684711 0.835380249824865 0.00025879917184265007 0.00013990362194932378
0 1.0 0.029756365796017748 0.5254848557721635 0.00025879917184265007 0.00013990362194932378
0 1.0 0.03201711804015522 0.37288512768630294 0.00025879917184265007 0.00013990362194932378
0 1.0 0.030218165748032808 0.4680391274989405 0.00025879917184265007 0.00013990362194932378
0 1.0 0.015312478090556976 1.2562208187254822 0.00025879917184265007 0.00013990362194932378
0 1.0 0.030515592793742632 0.4822710307087424 0.00025879917184265007 0.00013990362194932378
0 1.0 0.031146241763099755 0.44637563404885594 0.00025879917184265007 0.00013990362194932378
0 1.0 0.03487238171573841 0.2343604558542083 0.00025879917184265007 0.00013990362194932378
0 1.0 0.03542223856554957 0.20306520612941434 0.00025879917184265007 0.00013990362194932378
0 1.0 0.035162045437809104 0.20656552438429146 0.00025879917184265007 0.00013990362194932378
0 1.0 0.03469292546650542 0.23137316922939916 0.00025879917184265007 0.00013990362194932378
0 1.0 0.03404858455243433 0.26544671444860307 0.00025879917184265007 0.00013990362194932378
0 1.0 0.03344433708709984 0.2973994772036069 0.00025879917184265007 0.00013990362194932378
0 1.0 0.028824767300410056 0.5785097541743263 0.00025879917184265007 0.00013990362194932378
0 1.0 0.031678438698432405 0.416083948779928 0.00025879917184265007 0.00013990362194932378
0 1.0 0.03394389207076584 0.2872005373030721 0.00025879917184265007 0.00013990362194932378
0 1.0 0.035295677314270996 0.1994989053229895 0.00025879917184265007 0.00013990362194932378
0 1.0 0.03489304400827584 0.22079065299721778 0.00025879917184265007 0.00013990362194932378
0 1.0 0.034493681350330936 0.24190944475354278 0.00025879917184265007 0.00013990362194932378
0 1.0 0.03258592502399797 0.3427985823837915 0.00025879917184265007 0.00013990362194932378
0 1.0 0.03139949203903836 0.4055539119847557 0.00025879917184265007 0.00013990362194932378
0 1.0 0.06650687036209126 -1.33721746430271 0.00025879917184265007 0.00013990362194932378
0 1.0 0.02466163557926395 0.14326715539652188 0.00025879917184265007 0.00013990362194932378
0 1.0 0.02815974232079016 0.04268714837765249 0.00025879917184265007 0.00013990362194932378
0 1.0 0.028085101017711073 0.04472842779426731 0.00025879917184265007 0.00013990362194932378
0 1.0 0.026475082661241094 0.08879117475664013 0.00025879917184265007 0.00013990362194932378
0 1.0 0.02499648623410177 0.12925726015060637 0.00025879917184265007 0.00013990362194932378
0 1.0 0.023818813717153046 0.1614872806860679 0.00025879917184265007 0.00013990362194932378
0 1.0 0.01728584648201203 0.3410419252011797 0.00025879917184265007 0.00013990362194932378
0 1.0 0.0002927532239531423 0.7869632016109813 0.00025879917184265007 0.00013990362194932378
0 1.0 -0.3400762153016156 9.937905392566382 0.00025879917184265007 0.00013990362194932378
0 1.0 0.028380748353307922 0.03829594639218003 0.00025879917184265007 0.00013990362194932378
0 1.0 0.028710617622397502 0.028985252805610637 0.00025879917184265007 0.00013990362194932378
0 1.0 0.028637092113457458 0.029623586531518354 0.00025879917184265007 0.00013990362194932378
0 1.0 0.0284824468465197 0.03385574089690492 0.00025879917184265007 0.00013990362194932378
0 1.0 0.028423634298379876 0.03546525528604964 0.00025879917184265007 0.00013990362194932378
0 1.0 0.028363145916054003 0.03712063198386159 0.00025879917184265007 0.00013990362194932378
0 1.0 0.02830304345231693 0.03876544730418875 0.00025879917184265007 0.00013990362194932378
0 1.0 0.028241014599878496 0.0404629818218984 0.00025879917184265007 0.00013990362194932378
0 1.0 -0.444571131500914 14.475896243660594 0.00025879917184265007 0.00013990362194932378
0 1.0 -0.041974970035728275 2.186145403145402 0.00025879917184265007 0.00013990362194932378
0 1.0 -0.008854091414401435 1.1750892013334724 0.00025879917184265007 0.00013990362194932378
0 1.0 0.0034314022800377964 0.8000591565663019 0.00025879917184265007 0.00013990362194932378
0 1.0 0.009837715019926592 0.6044984560044333 0.00025879917184265007 0.00013990362194932378
0 1.0 0.013770181509261747 0.48445500311427564 0.00025879917184265007 0.00013990362194932378
0 1.0 0.016429877618446064 0.40326445630328883 0.00025879917184265007 0.00013990362194932378
0 1.0 0.01834863042339134 0.3446921296037549 0.00025879917184265007 0.00013990362194932378
0 1.0 0.032580353732695876 0.3647485792138733 0.00025879917184265007 0.00013990362194932378
0 1.0 0.03213806798365834 0.3899226826693976 0.00025879917184265007 0.00013990362194932378
0 1.0 0.03503498940462356 0.21328440471235777 0.00025879917184265007 0.00013990362194932378
0 1.0 0.03428371992993627 0.25301246459268995 0.00025879917184265007 0.00013990362194932378
0 1.0 0.03376063845390698 0.2806734857324586 0.00025879917184265007 0.00013990362194932378
0 1.0 0.03302317093208373 0.31967084451199923 0.00025879917184265007 0.00013990362194932378
0 1.0 0.05958174606566532 -1.0737445475075178 0.00025879917184265007 0.00013990362194932378
0 1.0 0.49356873403556945 -23.992283690872167 0.00025879917184265007 0.00013990362194932378
0 1.0 0.10025834131542366 -3.004494503077307 0.00025879917184265007 0.00013990362194932378
0 1.0 0.04064622955310039 -0.29103105853843114 0.00025879917184265007 0.00013990362194932378
0 1.0 0.03961396505250914 -0.26375811089023415 0.00025879917184265007 0.00013990362194932378
0 1.0 0.03876838411348028 -0.24141743689704778 0.00025879917184265007 0.00013990362194932378
0 1.0 0.03806304239810146 -0.2227819537756208 0.00025879917184265007 0.00013990362194932378
0 1.0 0.03746571661894661 -0.20700030605405517 0.00025879917184265007 0.00013990362194932378
