0 1.0 0.05780039208942749 -1.0637518264514279 0.00025879917184265007 0.00013990362194932378
0 1.0 0.05640061697689547 -1.0708705998664516 0.00025879917184265007 0.00013990362194932378
0 1.0 0.0629576393987346 -1.4737869429690882 0.00025879917184265007 0.00013990362194932378
0 1.0 0.15372603787998396 -7.051329435966939 0.00025879917184265007 0.00013990362194932378
0 1.0 0.07481382010006093 -2.3973639146652466 0.00025879917184265007 0.00013990362194932378
0 1.0 0.028279849888640997 0.037737253521330415 0.00025879917184265007 0.00013990362194932378
0 1.0 0.028131828170063728 0.04166822203894352 0.00025879917184265007 0.00013990362194932378
0 1.0 0.0267688415734732 0.08075174920409316 0.00025879917184265007 0.00013990362194932378
0 1.0 0.025949883515409285 0.10316453478047377 0.00025879917184265007 0.00013990362194932378
0 1.0 0.024405180775822193 0.14543997102075032 0.00025879917184265007 0.00013990362194932378
0 1.0 0.02427638572687885 0.14401491388371862 0.00025879917184265007 0.00013990362194932378
0 1.0 0.0542174564755177 -0.8543213950864581 0.00025879917184265007 0.00013990362194932378
0 1.0 -0.018531362622851218 1.4229110969591483 0.00025879917184265007 0.00013990362194932378
0 1.0 -0.00040060107598692535 0.8871510542748122 0.00025879917184265007 0.00013990362194932378
0 1.0 0.024391828070252728 0.15618818330637185 0.00025879917184265007 0.00013990362194932378
0 1.0 0.02564825736171554 0.11959866387434742 0.00025879917184265007 0.00013990362194932378
0 1.0 0.025885531414801998 0.1126888360933352 0.00025879917184265007 0.00013990362194932378
0 1.0 0.02609982970550766 0.10644810195793426 0.00025879917184265007 0.00013990362194932378
0 1.0 0.026471671913871824 0.09561949300383331 0.00025879917184265007 0.00013990362194932378
0 1.0 0.026634013293545245 0.09089189620141463 0.00025879917184265007 0.00013990362194932378
0 1.0 0.026920897414893532 0.08253744918686175 0.00025879917184265007 0.00013990362194932378
0 1.0 0.02704921818780432 0.0788005776823975 0.00025879917184265007 0.00013990362194932378
0 1.0 0.027292856176041422 0.07170522763518289 0.00025879917184265007 0.00013990362194932378
0 1.0 0.027430292782209233 0.0677024784996995 0.00025879917184265007 0.00013990362194932378
0 1.0 0.007547380382717353 0.6522899385647493 0.00025879917184265007 0.00013990362194932378
0 1.0 0.027722481987145785 0.05919434312109286 0.00025879917184265007 0.00013990362194932378
0 1.0 0.02812136916516507 0.047580828678102094 0.00025879917184265007 0.00013990362194932378
0 1.0 0.02832128844159412 0.04175726979258918 0.00025879917184265007 0.00013990362194932378
0 1.0 0.028573364855986022 0.03441649666495788 0.00025879917184265007 0.00013990362194932378
0 1.0 0.028708959756805357 0.030467807508221104 0.00025879917184265007 0.00013990362194932378
0 1.0 0.02875975361255095 0.028988628378331 0.00025879917184265007 0.00013990362194932378
0 1.0 0.012232049845930104 0.5138589793860388 0.00025879917184265007 0.00013990362194932378
0 1.0 0.015309552152119819 0.42291945857972735 0.00025879917184265007 0.00013990362194932378
0 1.0 0.01749119388734505 0.35845242192685384 0.00025879917184265007 0.00013990362194932378
0 1.0 0.02133812437693726 0.2451157934436181 0.00025879917184265007 0.00013990362194932378
0 1.0 0.02217733676852146 0.22067689567350743 0.00025879917184265007 0.00013990362194932378
0 1.0 0.022872997361839276 0.2004184029566695 0.00025879917184265007 0.00013990362194932378
0 1.0 0.023459046962174677 0.18335191726789857 0.00025879917184265007 0.00013990362194932378
0 1.0 0.02395949899775119 0.16877813802089447 0.00025879917184265007 0.00013990362194932378
0 1.0 0.024769061548930264 0.14520268009727283 0.00025879917184265007 0.00013990362194932378
0 1.0 0.02818227537575641 0.04207048956339164 0.00025879917184265007 0.00013990362194932378
0 1.0 0.027831079220554503 0.05167804191460067 0.00025879917184265007 0.00013990362194932378
0 1.0 0.027098327521173703 0.07173415660367016 0.00025879917184265007 0.00013990362194932378
0 1.0 0.027549067574082348 0.05939695084381794 0.00025879917184265007 0.00013990362194932378
0 1.0 0.027380587793134917 0.06400839190242752 0.00025879917184265007 0.00013990362194932378
0 1.0 0.02748510974087257 0.05883096489162225 0.00025879917184265007 0.00013990362194932378
0 1.0 0.026130010902238602 0.09481290549327553 0.00025879917184265007 0.00013990362194932378
0 1.0 0.021134399873592523 0.22742584095732393 0.00025879917184265007 0.00013990362194932378
0 1.0 0.02629433599412494 0.10078375074782889 0.00025879917184265007 0.00013990362194932378
0 1.0 0.02678322818688064 0.0865465601322939 0.00025879917184265007 0.00013990362194932378
0 1.0 0.027172353785260013 0.07521470538066828 0.00025879917184265007 0.00013990362194932378
0 1.0 0.027927775853750732 0.05321725632498959 0.00025879917184265007 0.00013990362194932378
0 1.0 0.028507771018609518 0.036326669339831884 0.00025879917184265007 0.00013990362194932378
0 1.0 0.028710777648649023 0.02898073599991431 0.00025879917184265007 0.00013990362194932378
0 1.0 0.02832147648672038 0.03826099315203377 0.00025879917184265007 0.00013990362194932378
0 1.0 0.0282576335449013 0.040008173588067006 0.00025879917184265007 0.00013990362194932378
0 1.0 -0.1356937623115801 9.93394178199314 0.00025879917184265007 0.00013990362194932378
0 1.0 0.008318350763102585 1.8813491310365313 0.00025879917184265007 0.00013990362194932378
0 1.0 0.01668800282927217 1.3667265401957112 0.00025879917184265007 0.00013990362194932378
0 1.0 0.024126471489795617 0.9093593780122438 0.00025879917184265007 0.00013990362194932378
0 1.0 0.05676785753422605 -0.9209047804634359 0.00025879917184265007 0.00013990362194932378
0 1.0 0.0517729526340361 -0.7103514578389643 0.00025879917184265007 0.00013990362194932378
0 1.0 0.06401179164179134 -1.4189984814091434 0.00025879917184265007 0.00013990362194932378
0 1.0 0.17160709967519847 -7.5356190788055235 0.00025879917184265007 0.00013990362194932378
0 1.0 0.003568614655025386 2.0159802714397204 0.00025879917184265007 0.00013990362194932378
0 1.0 0.020025847327876427 1.0792932836646911 0.00025879917184265007 0.00013990362194932378
0 1.0 0.08301379634014903 -2.4992319549144097 0.00025879917184265007 0.00013990362194932378
0 1.0 0.02329404939499055 0.8932788782941429 0.00025879917184265007 0.00013990362194932378
0 1.0 0.028825505238619355 0.5784677520685247 0.00025879917184265007 0.00013990362194932378
0 1.0 0.03376574242282722 0.2804035882562304 0.00025879917184265007 0.00013990362194932378
0 1.0 0.03312688852126948 0.3141861324691371 0.00025879917184265007 0.00013990362194932378
0 1.0 0.032650196543617456 0.3393989968624793 0.00025879917184265007 0.00013990362194932378
0 1.0 0.026516228532731986 0.6638151974470846 0.00025879917184265007 0.00013990362194932378
0 1.0 0.0159829011692066 1.220771760619746 0.00025879917184265007 0.00013990362194932378
0 1.0 3.038661513980544 -158.3616417459015 0.00025879917184265007 0.00013990362194932378
0 1.0 0.1258590045007625 -4.26437297451492 0.00025879917184265007 0.00013990362194932378
0 1.0 0.02975696727319513 0.5254506207810481 0.00025879917184265007 0.00013990362194932378
0 1.0 0.030516096830104287 0.48224234187230297 0.00025879917184265007 0.00013990362194932378
0 1.0 0.0328836060309195 0.3474880078632937 0.00025879917184265007 0.00013990362194932378
0 1.0 0.0332215054677751 0.3282614588046376 0.00025879917184265007 0.00013990362194932378
0 1.0 0.0338953522490779 0.2899595721464328 0.00025879917184265007 0.00013990362194932378
0 1.0 0.03532851670283486 0.19776231780112705 0.00025879917184265007 0.00013990362194932378
0 1.0 0.034898373841929564 0.2205088047953671 0.00025879917184265007 0.00013990362194932378
0 1.0 0.03455632605167643 0.238596715393316 0.00025879917184265007 0.00013990362194932378
0 1.0 0.02677740773737781 0.6950185451061461 0.00025879917184265007 0.00013990362194932378
0 1.0 0.031146755989547265 0.4463463652111923 0.00025879917184265007 0.00013990362194932378
0 1.0 0.062268415434079384 -1.1241494258802527 0.00025879917184265007 0.00013990362194932378
0 1.0 0.03253011417871721 0.367608123597047 0.00025879917184265007 0.00013990362194932378
0 1.0 0.03351364503379802 0.31165605701796856 0.00025879917184265007 0.00013990362194932378
0 1.0 0.035285444499494834 0.21085087699906502 0.00025879917184265007 0.00013990362194932378
0 1.0 0.03521201891018019 0.2039228652989979 0.00025879917184265007 0.00013990362194932378
0 1.0 0.034029583822174365 0.26645149658733147 0.00025879917184265007 0.00013990362194932378
0 1.0 0.03348859452732222 0.29505914723549354 0.00025879917184265007 0.00013990362194932378
0 1.0 0.030516365384579434 0.4522661199076112 0.00025879917184265007 0.00013990362194932378
0 1.0 0.0751381294849892 -1.7671186430421548 0.00025879917184265007 0.00013990362194932378
0 1.0 0.02844459202151124 0.034891708347334564 0.00025879917184265007 0.00013990362194932378
0 1.0 0.02838459599926335 0.03653361069902076 0.00025879917184265007 0.00013990362194932378
0 1.0 0.028080587457401395 0.0448517908378541 0.00025879917184265007 0.00013990362194932378
0 1.0 0.027974548997764078 0.047751146844027245 0.00025879917184265007 0.00013990362194932378
0 1.0 0.02769936493139434 0.05528317884927063 0.00025879917184265007 0.00013990362194932378
0 1.0 0.025232509857418307 0.12279747322163213 0.00025879917184265007 0.00013990362194932378
0 1.0 0.023312224742269894 0.17535127599889627 0.00025879917184265007 0.00013990362194932378
0 1.0 0.022047986571021153 0.20995011835335883 0.00025879917184265007 0.00013990362194932378
0 1.0 0.025402996824229286 0.11411016617370026 0.00025879917184265007 0.00013990362194932378
0 1.0 0.02070648814170822 0.2466633688548139 0.00025879917184265007 0.00013990362194932378
0 1.0 0.024835522447300824 0.13836017687341243 0.00025879917184265007 0.00013990362194932378
0 1.0 0.018522849508943867 0.30673677293428186 0.00025879917184265007 0.00013990362194932378
0 1.0 0.013105284746665375 0.45697923802081486 0.00025879917184265007 0.00013990362194932378
0 1.0 -0.03785117511420286 1.8124764399959548 0.00025879917184265007 0.00013990362194932378
0 1.0 0.26676364666586116 -6.3772026505881945 0.00025879917184265007 0.00013990362194932378
0 1.0 0.02676438963204134 0.08391162106513923 0.00025879917184265007 0.00013990362194932378
0 1.0 0.02812587561696999 0.045487333199780995 0.00025879917184265007 0.00013990362194932378
0 1.0 0.028683939297463917 0.028341526509734316 0.00025879917184265007 0.00013990362194932378
0 1.0 0.028644008800037365 0.02943429858315233 0.00025879917184265007 0.00013990362194932378
0 1.0 0.02860169057800285 0.03059241516612452 0.00025879917184265007 0.00013990362194932378
0 1.0 0.028553843347018625 0.03190184332704606 0.00025879917184265007 0.00013990362194932378
0 1.0 0.02850054773735012 0.03336037646925535 0.00025879917184265007 0.00013990362194932378
0 1.0 -0.444571131500914 14.475896243660594 0.00025879917184265007 0.00013990362194932378
0 1.0 -0.041974970035728275 2.186145403145402 0.00025879917184265007 0.00013990362194932378
0 1.0 -0.008854091414401435 1.1750892013334724 0.00025879917184265007 0.00013990362194932378
0 1.0 0.0034314022800377964 0.8000591565663019 0.00025879917184265007 0.00013990362194932378
0 1.0 0.009837715019926592 0.6044984560044333 0.00025879917184265007 0.00013990362194932378
0 1.0 0.013770181509261747 0.48445500311427564 0.00025879917184265007 0.00013990362194932378
0 1.0 0.016429877618446064 0.40326445630328883 0.00025879917184265007 0.00013990362194932378
0 1.0 0.01834863042339134 0.3446921296037549 0.00025879917184265007 0.00013990362194932378
0 1.0 0.032135265107947404 0.39008221727631964 0.00025879917184265007 0.00013990362194932378
0 1.0 0.03167906373551764 0.416048372801545 0.00025879917184265007 0.00013990362194932378
0 1.0 0.061900954253295976 -1.1990768254588267 0.00025879917184265007 0.00013990362194932378
0 1.0 0.03497000799170998 0.22880403023673704 0.00025879917184265007 0.00013990362194932378
0 1.0 0.03504414095858755 0.21280045920927343 0.00025879917184265007 0.00013990362194932378
0 1.0 0.03475599683326485 0.22803787727387817 0.00025879917184265007 0.00013990362194932378
0 1.0 0.03431389067628392 0.25141699817495555 0.00025879917184265007 0.00013990362194932378
0 1.0 0.071513146966741 -1.7096625051707617 0.00025879917184265007 0.00013990362194932378
0 1.0 0.03211406560396714 0.3677571715369445 0.00025879917184265007 0.00013990362194932378
0 1.0 0.03147603198050427 0.4015053990765503 0.00025879917184265007 0.00013990362194932378
0 1.0 0.029189457648902038 0.5224517379392429 0.00025879917184265007 0.00013990362194932378
0 1.0 0.04064622955310039 -0.29103105853843114 0.00025879917184265007 0.00013990362194932378
0 1.0 0.03961396505250914 -0.26375811089023415 0.00025879917184265007 0.00013990362194932378
0 1.0 0.03876838411348028 -0.24141743689704778 0.00025879917184265007 0.00013990362194932378
0 1.0 0.03806304239810146 -0.2227819537756208 0.00025879917184265007 0.00013990362194932378
0 1.0 0.03746571661894661 -0.20700030605405517 0.00025879917184265007 0.00013990362194932378
