0 1.0 0.06087816988703567 -1.240857113352126 0.00025879917184265007 0.00013990362194932378
0 1.0 0.06735364483607034 -1.7439129729139073 0.00025879917184265007 0.00013990362194932378
0 1.0 0.09246624848620996 -3.287033886272339 0.00025879917184265007 0.00013990362194932378
0 1.0 0.10517872583773585 -4.424166945291111 0.00025879917184265007 0.00013990362194932378
0 1.0 0.02836566406558005 0.04046499741215383 0.00025879917184265007 0.00013990362194932378
0 1.0 0.028656503813784682 0.03199538864999356 0.00025879917184265007 0.00013990362194932378
0 1.0 0.02873199043920788 0.029797125902013163 0.00025879917184265007 0.00013990362194932378
0 1.0 0.02583304566476326 0.10636212635680492 0.00025879917184265007 0.00013990362194932378
0 1.0 0.02314731761881823 0.17398851084440328 0.00025879917184265007 0.00013990362194932378
0 1.0 0.02077315505798326 0.2370158793526232 0.00025879917184265007 0.00013990362194932378
0 1.0 0.07048241314850345 -1.7868429302918218 0.00025879917184265007 0.00013990362194932378
0 1.0 0.14332148688508875 -5.927627383217385 0.00025879917184265007 0.00013990362194932378
0 1.0 -0.006958660747129011 2.6147597445883175 0.00025879917184265007 0.00013990362194932378
0 1.0 0.023555961724154525 0.8783717626482322 0.00025879917184265007 0.00013990362194932378
0 1.0 0.02495097800080223 0.8586631634617752 0.00025879917184265007 0.00013990362194932378
0 1.0 0.028092877410353483 0.5804450758961179 0.00025879917184265007 0.00013990362194932378
0 1.0 -0.024713064030176306 3.370645097604805 0.00025879917184265007 0.00013990362194932378
0 1.0 0.13422162820894434 -4.675920499608196 0.00025879917184265007 0.00013990362194932378
0 1.0 0.021990034281179724 0.9031406743448912 0.00025879917184265007 0.00013990362194932378
0 1.0 0.06698447299607156 -1.3612266511634847 0.00025879917184265007 0.00013990362194932378
0 1.0 0.022288275679972245 0.20337404337859208 0.00025879917184265007 0.00013990362194932378
0 1.0 0.010786586478105764 0.5048327186640237 0.00025879917184265007 0.00013990362194932378
0 1.0 -0.050919237179886466 2.163815990804351 0.00025879917184265007 0.00013990362194932378
0 1.0 0.26676364666586116 -6.3772026505881945 0.00025879917184265007 0.00013990362194932378
0 1.0 -0.0005155291253499547 0.9205441690917243 0.00025879917184265007 0.00013990362194932378
0 1.0 0.01735134272650995 0.3751355825824868 0.00025879917184265007 0.00013990362194932378
0 1.0 0.019604788574194155 0.3063463325810866 0.00025879917184265007 0.00013990362194932378
0 1.0 0.060465138944672196 -1.1217271027250593 0.00025879917184265007 0.00013990362194932378
0 1.0 0.03982546536440771 -0.2693460555794901 0.00025879917184265007 0.00013990362194932378
0 1.0 0.03720731909020687 -0.2001733132923104 0.00025879917184265007 0.00013990362194932378
