0 1.0 0.05175056914956247 -0.7090331744309534 0.00025879917184265007 0.00013990362194932378
0 1.0 0.06379065455886565 -1.5249741130710464 0.00025879917184265007 0.00013990362194932378
0 1.0 0.08586629961887791 -2.8814797961364267 0.00025879917184265007 0.00013990362194932378
0 1.0 0.1674583775311774 -7.895155141987645 0.00025879917184265007 0.00013990362194932378
0 1.0 0.09135703862492865 -3.501594098423255 0.00025879917184265007 0.00013990362194932378
0 1.0 0.022865387659319947 0.20064000686027708 0.00025879917184265007 0.00013990362194932378
0 1.0 0.025752145190791442 0.11657327193570077 0.00025879917184265007 0.00013990362194932378
0 1.0 0.026645678048573627 0.09055220302716581 0.00025879917184265007 0.00013990362194932378
0 1.0 0.027785490021998885 0.05735987773059206 0.00025879917184265007 0.00013990362194932378
0 1.0 0.0284401421924812 0.03829610337313322 0.00025879917184265007 0.00013990362194932378
0 1.0 0.028647274174374567 0.032264167024689844 0.00025879917184265007 0.00013990362194932378
0 1.0 0.02873721868980265 0.02964487285777966 0.00025879917184265007 0.00013990362194932378
0 1.0 0.028398614346189673 0.03614997265231849 0.00025879917184265007 0.00013990362194932378
0 1.0 0.028253963288677082 0.04010861695247739 0.00025879917184265007 0.00013990362194932378
0 1.0 0.02769397766352463 0.05543063314977128 0.00025879917184265007 0.00013990362194932378
0 1.0 0.02721007265821067 0.06867557191049756 0.00025879917184265007 0.00013990362194932378
0 1.0 0.02637555630770144 0.09151495496034091 0.00025879917184265007 0.00013990362194932378
0 1.0 0.024429010857554025 0.13996314400352278 0.00025879917184265007 0.00013990362194932378
0 1.0 0.022466972857073754 0.1920497593530254 0.00025879917184265007 0.00013990362194932378
0 1.0 0.020685277313149144 0.23934878742669455 0.00025879917184265007 0.00013990362194932378
0 1.0 0.05777464609641236 -1.0622637185369026 0.00025879917184265007 0.00013990362194932378
0 1.0 0.08396197463646131 -2.5531343694641913 0.00025879917184265007 0.00013990362194932378
0 1.0 0.1462921978968391 -6.096507536966709 0.00025879917184265007 0.00013990362194932378
0 1.0 0.003651908344855644 2.0112394916878236 0.00025879917184265007 0.00013990362194932378
0 1.0 0.013904909549793659 1.4276752312061447 0.00025879917184265007 0.00013990362194932378
0 1.0 0.019447747007447006 1.112196692065063 0.00025879917184265007 0.00013990362194932378
0 1.0 0.023060023182848773 0.9065988156170824 0.00025879917184265007 0.00013990362194932378
0 1.0 0.025550521020387764 0.8217992198210646 0.00025879917184265007 0.00013990362194932378
0 1.0 0.035378208208783894 0.20557120566534118 0.00025879917184265007 0.00013990362194932378
0 1.0 0.035094077581247704 0.21015974878231325 0.00025879917184265007 0.00013990362194932378
0 1.0 0.034459992861970164 0.24369093372383865 0.00025879917184265007 0.00013990362194932378
0 1.0 0.03387063438008941 0.2748569097822496 0.00025879917184265007 0.00013990362194932378
0 1.0 0.01391874866944946 1.3299151720464124 0.00025879917184265007 0.00013990362194932378
0 1.0 -0.06519751452333288 5.508040506857349 0.00025879917184265007 0.00013990362194932378
0 1.0 0.1398462218548107 -4.952722096258642 0.00025879917184265007 0.00013990362194932378
0 1.0 0.03530541765548626 0.1989838240211497 0.00025879917184265007 0.00013990362194932378
0 1.0 0.03203157455752965 0.37212046291027845 0.00025879917184265007 0.00013990362194932378
0 1.0 0.02392357651865568 0.8009033658318304 0.00025879917184265007 0.00013990362194932378
0 1.0 0.09497581076781579 -2.948384762392206 0.00025879917184265007 0.00013990362194932378
0 1.0 0.060932090591361884 -1.1470901475306765 0.00025879917184265007 0.00013990362194932378
0 1.0 0.028095903686409993 0.04443317305119903 0.00025879917184265007 0.00013990362194932378
0 1.0 0.02789077999054696 0.05004397888089062 0.00025879917184265007 0.00013990362194932378
0 1.0 0.026883425027963172 0.07761589489102315 0.00025879917184265007 0.00013990362194932378
0 1.0 0.02586731171579132 0.10542434090871919 0.00025879917184265007 0.00013990362194932378
0 1.0 0.024250879022102368 0.14966280036840054 0.00025879917184265007 0.00013990362194932378
0 1.0 0.02057169762768898 0.2503522273717361 0.00025879917184265007 0.00013990362194932378
0 1.0 0.0016377095812487416 0.7508035660005871 0.00025879917184265007 0.00013990362194932378
0 1.0 -0.20087868908565834 6.195529813957978 0.00025879917184265007 0.00013990362194932378
0 1.0 -0.444571131500914 14.475896243660594 0.00025879917184265007 0.00013990362194932378
0 1.0 -0.041974970035728275 2.186145403145402 0.00025879917184265007 0.00013990362194932378
0 1.0 -0.008854091414401435 1.1750892013334724 0.00025879917184265007 0.00013990362194932378
0 1.0 0.003433157830188061 0.8000055662045461 0.00025879917184265007 0.00013990362194932378
0 1.0 0.009845050984435635 0.6042745165220924 0.00025879917184265007 0.00013990362194932378
0 1.0 0.013964217353854943 0.4785318165257564 0.00025879917184265007 0.00013990362194932378
0 1.0 0.018386480626925827 0.34353670485005433 0.00025879917184265007 0.00013990362194932378
0 1.0 0.02833007020828114 0.5679020843616945 0.00025879917184265007 0.00013990362194932378
0 1.0 0.03044107755359816 0.4562484035326159 0.00025879917184265007 0.00013990362194932378
0 1.0 0.061168280248587975 -1.0688453941155238 0.00025879917184265007 0.00013990362194932378
0 1.0 0.04064622955310039 -0.29103105853843114 0.00025879917184265007 0.00013990362194932378
0 1.0 0.03961396505250914 -0.26375811089023415 0.00025879917184265007 0.00013990362194932378
0 1.0 0.03876838411348028 -0.24141743689704778 0.00025879917184265007 0.00013990362194932378
0 1.0 0.03806295401128854 -0.22277961855153772 0.00025879917184265007 0.00013990362194932378
0 1.0 0.037464617990897786 -0.20697127974806165 0.00025879917184265007 0.00013990362194932378
