0 1.0 0.0577994439372317 -1.063697023640528 0.00025879917184265007 0.00013990362194932378
0 1.0 0.05640061697689547 -1.0708705998664516 0.00025879917184265007 0.00013990362194932378
0 1.0 0.06229902477728498 -1.4333163485870102 0.00025879917184265007 0.00013990362194932378
0 1.0 0.15372603787998396 -7.051329435966939 0.00025879917184265007 0.00013990362194932378
0 1.0 0.07539368864343608 -2.2379581112162032 0.00025879917184265007 0.00013990362194932378
0 1.0 0.09553284749959698 -3.780321855907822 0.00025879917184265007 0.00013990362194932378
0 1.0 0.028606976523868666 0.029049849289623442 0.00025879917184265007 0.00013990362194932378
0 1.0 0.028446440178893705 0.033313164998256116 0.00025879917184265007 0.00013990362194932378
0 1.0 0.027272606784671298 0.06696394555193709 0.00025879917184265007 0.00013990362194932378
0 1.0 0.026737768115394196 0.0816021497961573 0.00025879917184265007 0.00013990362194932378
0 1.0 0.02576707575467649 0.10816757576911824 0.00025879917184265007 0.00013990362194932378
0 1.0 0.026400831131169738 0.08762061224766216 0.00025879917184265007 0.00013990362194932378
0 1.0 0.0542174564755177 -0.8543213950864581 0.00025879917184265007 0.00013990362194932378
0 1.0 -0.018531362622851218 1.4229110969591483 0.00025879917184265007 0.00013990362194932378
0 1.0 -0.00040060107598692535 0.8871510542748122 0.00025879917184265007 0.00013990362194932378
0 1.0 0.024391828070252728 0.15618818330637185 0.00025879917184265007 0.00013990362194932378
0 1.0 0.02564825736171554 0.11959866387434742 0.00025879917184265007 0.00013990362194932378
0 1.0 0.025885531414801998 0.1126888360933352 0.00025879917184265007 0.00013990362194932378
0 1.0 0.02609982970550766 0.10644810195793426 0.00025879917184265007 0.00013990362194932378
0 1.0 0.026471671913871824 0.09561949300383331 0.00025879917184265007 0.00013990362194932378
0 1.0 0.026634013293545245 0.09089189620141463 0.00025879917184265007 0.00013990362194932378
0 1.0 0.026920730981383072 0.0825422959519532 0.00025879917184265007 0.00013990362194932378
0 1.0 0.027047976973140448 0.07883672350355458 0.00025879917184265007 0.00013990362194932378
0 1.0 0.027276278058900292 0.07218805419722411 0.00025879917184265007 0.00013990362194932378
0 1.0 0.027380279340922162 0.0691590864912408 0.00025879917184265007 0.00013990362194932378
0 1.0 0.007547380382717353 0.6522899385647493 0.00025879917184265007 0.00013990362194932378
0 1.0 0.02748568699027968 0.06608915927822487 0.00025879917184265007 0.00013990362194932378
0 1.0 0.027744279766770193 0.05855970545299261 0.00025879917184265007 0.00013990362194932378
0 1.0 0.027921737445643392 0.05339306327901471 0.00025879917184265007 0.00013990362194932378
0 1.0 0.02828683693484463 0.04276053975564003 0.00025879917184265007 0.00013990362194932378
0 1.0 0.0285128278709834 0.03617940762117351 0.00025879917184265007 0.00013990362194932378
0 1.0 0.02868426253876357 0.031187020668110296 0.00025879917184265007 0.00013990362194932378
0 1.0 0.028750258725229107 0.0292651310962478 0.00025879917184265007 0.00013990362194932378
0 1.0 0.012232049845930104 0.5138589793860388 0.00025879917184265007 0.00013990362194932378
0 1.0 0.015309552152119819 0.42291945857972735 0.00025879917184265007 0.00013990362194932378
0 1.0 0.01749119388734505 0.35845242192685384 0.00025879917184265007 0.00013990362194932378
0 1.0 0.02133812437693726 0.2451157934436181 0.00025879917184265007 0.00013990362194932378
0 1.0 0.02217733676852146 0.22067689567350743 0.00025879917184265007 0.00013990362194932378
0 1.0 0.022872997361839276 0.2004184029566695 0.00025879917184265007 0.00013990362194932378
0 1.0 0.023459046962174677 0.18335191726789857 0.00025879917184265007 0.00013990362194932378
0 1.0 0.02395949899775119 0.16877813802089447 0.00025879917184265007 0.00013990362194932378
0 1.0 0.024769061548930264 0.14520268009727283 0.00025879917184265007 0.00013990362194932378
0 1.0 0.028262353253770578 0.039879010006859276 0.00025879917184265007 0.00013990362194932378
0 1.0 0.028021600321118122 0.04646400650909859 0.00025879917184265007 0.00013990362194932378
0 1.0 0.02744418798889467 0.06226759812638591 0.00025879917184265007 0.00013990362194932378
0 1.0 0.027778951452797653 0.053104825159307104 0.00025879917184265007 0.00013990362194932378
0 1.0 0.027631238286803007 0.05714786554512905 0.00025879917184265007 0.00013990362194932378
0 1.0 0.028201039015117443 0.03983021032283484 0.00025879917184265007 0.00013990362194932378
0 1.0 0.027305737161244518 0.06359179761022783 0.00025879917184265007 0.00013990362194932378
0 1.0 0.023690872727121313 0.1649886859160729 0.00025879917184265007 0.00013990362194932378
0 1.0 0.021878325429102886 0.20767670039580202 0.00025879917184265007 0.00013990362194932378
0 1.0 0.02044019433623492 0.24585505424931417 0.00025879917184265007 0.00013990362194932378
0 1.0 0.02629433599412494 0.10078375074782889 0.00025879917184265007 0.00013990362194932378
0 1.0 0.026783185063717352 0.08654781593613926 0.00025879917184265007 0.00013990362194932378
0 1.0 0.02716603584402794 0.0753986922287947 0.00025879917184265007 0.00013990362194932378
0 1.0 0.02758647320773613 0.06315420949707094 0.00025879917184265007 0.00013990362194932378
0 1.0 0.028109420988187396 0.04792869728241939 0.00025879917184265007 0.00013990362194932378
0 1.0 0.028565991433558202 0.03306738550197376 0.00025879917184265007 0.00013990362194932378
0 1.0 0.028398012821973146 0.036166434477431224 0.00025879917184265007 0.00013990362194932378
0 1.0 0.028333101452591037 0.03794285441406135 0.00025879917184265007 0.00013990362194932378
0 1.0 -0.6452191532939583 38.89964259500239 0.00025879917184265007 0.00013990362194932378
0 1.0 0.008318350763102585 1.8813491310365313 0.00025879917184265007 0.00013990362194932378
0 1.0 0.01668800282927217 1.3667265401957112 0.00025879917184265007 0.00013990362194932378
0 1.0 0.024126471489795617 0.9093593780122438 0.00025879917184265007 0.00013990362194932378
0 1.0 0.05736902826798144 -0.9535580977055033 0.00025879917184265007 0.00013990362194932378
0 1.0 0.0517729526340361 -0.7103514578389643 0.00025879917184265007 0.00013990362194932378
0 1.0 0.06388318004752323 -1.4116871186653295 0.00025879917184265007 0.00013990362194932378
0 1.0 0.11550058546082552 -4.346053783028926 0.00025879917184265007 0.00013990362194932378
0 1.0 0.003568614655025386 2.0159802714397204 0.00025879917184265007 0.00013990362194932378
0 1.0 0.020025847327876427 1.0792932836646911 0.00025879917184265007 0.00013990362194932378
0 1.0 0.07611048732153898 -2.106789915338571 0.00025879917184265007 0.00013990362194932378
0 1.0 0.02329404939499055 0.8932788782941429 0.00025879917184265007 0.00013990362194932378
0 1.0 0.028825491277592256 0.5784685467048938 0.00025879917184265007 0.00013990362194932378
0 1.0 0.0341057704566717 0.2624226530373518 0.00025879917184265007 0.00013990362194932378
0 1.0 0.03345470120502078 0.29685142346074395 0.00025879917184265007 0.00013990362194932378
0 1.0 0.033052123826497255 0.3181396836653466 0.00025879917184265007 0.00013990362194932378
0 1.0 0.029611250470937645 0.5001413774673752 0.00025879917184265007 0.00013990362194932378
0 1.0 0.02794806073035938 0.5881031262546408 0.00025879917184265007 0.00013990362194932378
0 1.0 0.023438925290691873 0.8265296160135941 0.00025879917184265007 0.00013990362194932378
0 1.0 0.00612680774255234 1.7418138901720028 0.00025879917184265007 0.00013990362194932378
0 1.0 0.02975695543111895 0.5254512948105683 0.00025879917184265007 0.00013990362194932378
0 1.0 0.03051608589975907 0.48224296400774685 0.00025879917184265007 0.00013990362194932378
0 1.0 0.0328716617963345 0.34816785205405515 0.00025879917184265007 0.00013990362194932378
0 1.0 0.033176361459993406 0.33082747339034013 0.00025879917184265007 0.00013990362194932378
0 1.0 0.033701088636303334 0.3010016414784537 0.00025879917184265007 0.00013990362194932378
0 1.0 0.03528726683080458 0.21074715852499365 0.00025879917184265007 0.00013990362194932378
0 1.0 0.035082206699020756 0.21078749573042418 0.00025879917184265007 0.00013990362194932378
0 1.0 0.03474070800480918 0.22884636944992492 0.00025879917184265007 0.00013990362194932378
0 1.0 0.02677740773737781 0.6950185451061461 0.00025879917184265007 0.00013990362194932378
0 1.0 0.031146663042017186 0.44635165561619455 0.00025879917184265007 0.00013990362194932378
0 1.0 0.09788549996389645 -2.887720507291222 0.00025879917184265007 0.00013990362194932378
0 1.0 0.0626535454169776 -1.1435099927348065 0.00025879917184265007 0.00013990362194932378
0 1.0 0.03252759328121476 0.3677516085152591 0.00025879917184265007 0.00013990362194932378
0 1.0 0.03345239216775982 0.3151377095205586 0.00025879917184265007 0.00013990362194932378
0 1.0 0.03455177350828485 0.2526079577622474 0.00025879917184265007 0.00013990362194932378
0 1.0 0.0353770477846373 0.1979849286796029 0.00025879917184265007 0.00013990362194932378
0 1.0 0.034336680805404224 0.2502118279332788 0.00025879917184265007 0.00013990362194932378
0 1.0 0.0338477081713105 0.2760692459045152 0.00025879917184265007 0.00013990362194932378
0 1.0 0.0315704086501194 0.3965134281153397 0.00025879917184265007 0.00013990362194932378
0 1.0 -2.093663873202653 112.60186616214757 0.00025879917184265007 0.00013990362194932378
0 1.0 0.0284993758380554 0.03339244766557553 0.00025879917184265007 0.00013990362194932378
0 1.0 0.0284463072232901 0.03484476867152245 0.00025879917184265007 0.00013990362194932378
0 1.0 0.028188674069656455 0.041895377444811484 0.00025879917184265007 0.00013990362194932378
0 1.0 0.028118148528400586 0.0438251848503588 0.00025879917184265007 0.00013990362194932378
0 1.0 0.02790975321143386 0.04952466499455996 0.00025879917184265007 0.00013990362194932378
0 1.0 0.02627135522821845 0.09436667038450679 0.00025879917184265007 0.00013990362194932378
0 1.0 0.025201744882505876 0.12363948716929118 0.00025879917184265007 0.00013990362194932378
0 1.0 0.024336111713759937 0.14733020787976042 0.00025879917184265007 0.00013990362194932378
0 1.0 0.02695252456328377 0.07296955007978922 0.00025879917184265007 0.00013990362194932378
0 1.0 0.02262584021797511 0.1941357981646535 0.00025879917184265007 0.00013990362194932378
0 1.0 0.021160208264403645 0.23424625366624177 0.00025879917184265007 0.00013990362194932378
0 1.0 0.019353155416910336 0.28385485538555605 0.00025879917184265007 0.00013990362194932378
0 1.0 0.015736873022284274 0.3839987888760749 0.00025879917184265007 0.00013990362194932378
0 1.0 -0.014287331017159103 1.1789540126641762 0.00025879917184265007 0.00013990362194932378
0 1.0 0.5818223670481735 -14.847669713035325 0.00025879917184265007 0.00013990362194932378
0 1.0 0.025009184752666204 0.1334595353682658 0.00025879917184265007 0.00013990362194932378
0 1.0 0.027606109866885265 0.0601574942233784 0.00025879917184265007 0.00013990362194932378
0 1.0 0.028709455108817016 0.029018065221778005 0.00025879917184265007 0.00013990362194932378
0 1.0 0.028683813266999373 0.028344975566994602 0.00025879917184265007 0.00013990362194932378
0 1.0 0.028641523506155196 0.029502313256740298 0.00025879917184265007 0.00013990362194932378
0 1.0 0.028599866991185177 0.030642320999415558 0.00025879917184265007 0.00013990362194932378
0 1.0 0.028554330746168418 0.0318885047459158 0.00025879917184265007 0.00013990362194932378
0 1.0 -0.444571131500914 14.475896243660594 0.00025879917184265007 0.00013990362194932378
0 1.0 -0.041974970035728275 2.186145403145402 0.00025879917184265007 0.00013990362194932378
0 1.0 -0.008854091414401435 1.1750892013334724 0.00025879917184265007 0.00013990362194932378
0 1.0 0.0034314022800377964 0.8000591565663019 0.00025879917184265007 0.00013990362194932378
0 1.0 0.009837715019926592 0.6044984560044333 0.00025879917184265007 0.00013990362194932378
0 1.0 0.013770181509261747 0.48445500311427564 0.00025879917184265007 0.00013990362194932378
0 1.0 0.016429877618446064 0.40326445630328883 0.00025879917184265007 0.00013990362194932378
0 1.0 0.01834863042339134 0.3446921296037549 0.00025879917184265007 0.00013990362194932378
0 1.0 0.032133878936998435 0.3901611156151234 0.00025879917184265007 0.00013990362194932378
0 1.0 0.031678786678375925 0.41606414239204925 0.00025879917184265007 0.00013990362194932378
0 1.0 0.06394649490062129 -1.3083621787570607 0.00025879917184265007 0.00013990362194932378
0 1.0 0.034052697208665814 0.2810130188861895 0.00025879917184265007 0.00013990362194932378
0 1.0 0.03520917086806415 0.20407347329192066 0.00025879917184265007 0.00013990362194932378
0 1.0 0.0349054153118842 0.22013644314694403 0.00025879917184265007 0.00013990362194932378
0 1.0 0.034525944284415584 0.24020334085818118 0.00025879917184265007 0.00013990362194932378
0 1.0 0.08036393063054048 -2.17694374873093 0.00025879917184265007 0.00013990362194932378
0 1.0 0.032647133027555744 0.33956103885105265 0.00025879917184265007 0.00013990362194932378
0 1.0 0.03215349340090661 0.36567167288363306 0.00025879917184265007 0.00013990362194932378
0 1.0 0.03072188965159615 0.4413950945053048 0.00025879917184265007 0.00013990362194932378
0 1.0 0.04064622955310039 -0.29103105853843114 0.00025879917184265007 0.00013990362194932378
0 1.0 0.03961396505250914 -0.26375811089023415 0.00025879917184265007 0.00013990362194932378
0 1.0 0.03876838411348028 -0.24141743689704778 0.00025879917184265007 0.00013990362194932378
0 1.0 0.03806304239810146 -0.2227819537756208 0.00025879917184265007 0.00013990362194932378
0 1.0 0.03746571661894661 -0.20700030605405517 0.00025879917184265007 0.00013990362194932378
