0 1.0 0.028289731235863723 0.03747483753793619 0.00025879917184265007 0.00013990362194932378
0 1.0 0.027761668730162954 0.05149065073898937 0.00025879917184265007 0.00013990362194932378
0 1.0 0.09266229508598295 -3.5887176276007904 0.00025879917184265007 0.00013990362194932378
0 1.0 0.02374335883378683 0.16355228052061946 0.00025879917184265007 0.00013990362194932378
0 1.0 0.02126415304791709 0.2314015609017455 0.00025879917184265007 0.00013990362194932378
0 1.0 0.0020736119155987448 0.7629148000113133 0.00025879917184265007 0.00013990362194932378
0 1.0 0.06077306053031774 -0.8812381832246607 0.00025879917184265007 0.00013990362194932378
0 1.0 0.05174514759813038 -0.7086995789081015 0.00025879917184265007 0.00013990362194932378
0 1.0 0.05565030912348087 -0.9387097696562183 0.00025879917184265007 0.00013990362194932378
0 1.0 0.06375043886874766 -1.4041409956692552 0.00025879917184265007 0.00013990362194932378
0 1.0 0.1162000582908894 -4.745430585137459 0.00025879917184265007 0.00013990362194932378
0 1.0 -0.018531362622851218 1.4229110969591483 0.00025879917184265007 0.00013990362194932378
0 1.0 -0.00040060107598692535 0.8871510542748122 0.00025879917184265007 0.00013990362194932378
0 1.0 0.027056618763370406 0.07858506308314624 0.00025879917184265007 0.00013990362194932378
0 1.0 0.027637731020178698 0.06166184930621783 0.00025879917184265007 0.00013990362194932378
0 1.0 0.028096943383001893 0.04829198007520135 0.00025879917184265007 0.00013990362194932378
0 1.0 0.02829242837638745 0.04259771014731998 0.00025879917184265007 0.00013990362194932378
0 1.0 0.02856169906541933 0.03475621873737419 0.00025879917184265007 0.00013990362194932378
0 1.0 0.02867326605238604 0.03150725178490589 0.00025879917184265007 0.00013990362194932378
0 1.0 0.02875463969738742 0.029137551835132648 0.00025879917184265007 0.00013990362194932378
0 1.0 0.007547380382717353 0.6522899385647493 0.00025879917184265007 0.00013990362194932378
0 1.0 0.012232049845930104 0.5138589793860388 0.00025879917184265007 0.00013990362194932378
0 1.0 0.015309552152119819 0.42291945857972735 0.00025879917184265007 0.00013990362194932378
0 1.0 0.01749119388734505 0.35845242192685384 0.00025879917184265007 0.00013990362194932378
0 1.0 0.021378742171472037 0.24393295327319445 0.00025879917184265007 0.00013990362194932378
0 1.0 0.022441353821252036 0.21298839413807544 0.00025879917184265007 0.00013990362194932378
0 1.0 0.024889276533300503 0.14170187178828964 0.00025879917184265007 0.00013990362194932378
0 1.0 0.025783472905721947 0.11566095509310202 0.00025879917184265007 0.00013990362194932378
0 1.0 0.02670406935326752 0.08885177060559045 0.00025879917184265007 0.00013990362194932378
0 1.0 0.027341941604985417 0.07027564738179318 0.00025879917184265007 0.00013990362194932378
0 1.0 0.021220398326149734 0.22514282283132273 0.00025879917184265007 0.00013990362194932378
0 1.0 0.02847410270444846 0.03566098205966891 0.00025879917184265007 0.00013990362194932378
0 1.0 0.02868488805053513 0.029711480381720837 0.00025879917184265007 0.00013990362194932378
0 1.0 0.028652397161908285 0.029204735512691544 0.00025879917184265007 0.00013990362194932378
0 1.0 0.028554027231584282 0.03189681098507603 0.00025879917184265007 0.00013990362194932378
0 1.0 0.028442479308867688 0.03494952664474681 0.00025879917184265007 0.00013990362194932378
0 1.0 0.028381885322657535 0.036607793388589105 0.00025879917184265007 0.00013990362194932378
0 1.0 0.02682030633505426 0.07934329110433139 0.00025879917184265007 0.00013990362194932378
0 1.0 0.025929994947062388 0.10370884057058953 0.00025879917184265007 0.00013990362194932378
0 1.0 0.07458575672025869 -1.8718823674041236 0.00025879917184265007 0.00013990362194932378
0 1.0 0.007979549720166476 1.9021809014753628 0.00025879917184265007 0.00013990362194932378
0 1.0 0.01665480690840022 1.3687676490338532 0.00025879917184265007 0.00013990362194932378
0 1.0 0.021369483292549223 1.0788775847151815 0.00025879917184265007 0.00013990362194932378
0 1.0 0.024372467505903474 0.8942338858000185 0.00025879917184265007 0.00013990362194932378
0 1.0 0.06207134009606786 -1.208179884373189 0.00025879917184265007 0.00013990362194932378
0 1.0 0.09170340793528786 -2.993222429384703 0.00025879917184265007 0.00013990362194932378
0 1.0 0.8348036319521017 -45.23727766959854 0.00025879917184265007 0.00013990362194932378
0 1.0 -0.0018939249565696197 2.326727561652757 0.00025879917184265007 0.00013990362194932378
0 1.0 0.013904836363125072 1.427679396730299 0.00025879917184265007 0.00013990362194932378
0 1.0 0.019439977565643127 1.1126389009822415 0.00025879917184265007 0.00013990362194932378
0 1.0 0.02290453834448591 0.9154484580682717 0.00025879917184265007 0.00013990362194932378
0 1.0 -0.06528052327031038 6.405049699947628 0.00025879917184265007 0.00013990362194932378
0 1.0 0.025277324387465185 0.780397939222576 0.00025879917184265007 0.00013990362194932378
0 1.0 0.029756365796017748 0.5254848557721635 0.00025879917184265007 0.00013990362194932378
0 1.0 -0.003473309960807514 2.2489618624697054 0.00025879917184265007 0.00013990362194932378
0 1.0 0.10506852789163475 -3.2412169062077663 0.00025879917184265007 0.00013990362194932378
0 1.0 0.030515691744914628 0.48226539858732215 0.00025879917184265007 0.00013990362194932378
0 1.0 0.031152342624271877 0.4460283840851217 0.00025879917184265007 0.00013990362194932378
0 1.0 0.035229338854260064 0.2030069652142574 0.00025879917184265007 0.00013990362194932378
0 1.0 0.035102600600043145 0.20970904099705712 0.00025879917184265007 0.00013990362194932378
0 1.0 0.034757530214986725 0.22795679015012468 0.00025879917184265007 0.00013990362194932378
0 1.0 0.03414578308664436 0.26030673562943857 0.00025879917184265007 0.00013990362194932378
0 1.0 0.033247699033033616 0.30779768208149094 0.00025879917184265007 0.00013990362194932378
0 1.0 0.03165450714761966 0.3920651120313473 0.00025879917184265007 0.00013990362194932378
0 1.0 0.028824767300410056 0.5785097541743263 0.00025879917184265007 0.00013990362194932378
0 1.0 0.0333985270647187 0.3181994367985678 0.00025879917184265007 0.00013990362194932378
0 1.0 0.03537528992681217 0.19793389445937162 0.00025879917184265007 0.00013990362194932378
0 1.0 0.034932158701509494 0.21872221959569624 0.00025879917184265007 0.00013990362194932378
0 1.0 0.034392537048889074 0.24725808062871701 0.00025879917184265007 0.00013990362194932378
0 1.0 0.03387425178920342 0.2746656214719926 0.00025879917184265007 0.00013990362194932378
0 1.0 0.02447594617958375 0.771696459283321 0.00025879917184265007 0.00013990362194932378
0 1.0 0.25664566245702175 -11.483819839458516 0.00025879917184265007 0.00013990362194932378
0 1.0 0.027466479545975215 0.06409914110108979 0.00025879917184265007 0.00013990362194932378
0 1.0 0.028025176513981783 0.04832759416789542 0.00025879917184265007 0.00013990362194932378
0 1.0 0.02762920481535065 0.05720352346262001 0.00025879917184265007 0.00013990362194932378
0 1.0 0.027358184341984598 0.0646215956849273 0.00025879917184265007 0.00013990362194932378
0 1.0 0.017589016117824218 0.3326342816523732 0.00025879917184265007 0.00013990362194932378
0 1.0 -0.006148270927360447 0.9601324535393908 0.00025879917184265007 0.00013990362194932378
0 1.0 0.9772397163752475 -25.478607429441958 0.00025879917184265007 0.00013990362194932378
0 1.0 0.028697352482455033 0.028120456585031223 0.00025879917184265007 0.00013990362194932378
0 1.0 0.028607269130683226 0.03043974773215577 0.00025879917184265007 0.00013990362194932378
0 1.0 0.028505864576078413 0.03321487132267329 0.00025879917184265007 0.00013990362194932378
0 1.0 0.028323431912368906 0.03820747930477249 0.00025879917184265007 0.00013990362194932378
0 1.0 0.028260654182233193 0.039925508248715734 0.00025879917184265007 0.00013990362194932378
0 1.0 0.028187170399644943 0.041936528161735015 0.00025879917184265007 0.00013990362194932378
0 1.0 0.028096194830874 0.044425215593064296 0.00025879917184265007 0.00013990362194932378
0 1.0 0.027989029862847688 0.04735479272108595 0.00025879917184265007 0.00013990362194932378
0 1.0 -0.444571131500914 14.475896243660594 0.00025879917184265007 0.00013990362194932378
0 1.0 -0.041974970035728275 2.186145403145402 0.00025879917184265007 0.00013990362194932378
0 1.0 -0.008854091414401435 1.1750892013334724 0.00025879917184265007 0.00013990362194932378
0 1.0 0.0034314022800377964 0.8000591565663019 0.00025879917184265007 0.00013990362194932378
0 1.0 0.009837715019926592 0.6044984560044333 0.00025879917184265007 0.00013990362194932378
0 1.0 0.013770181509261747 0.48445500311427564 0.00025879917184265007 0.00013990362194932378
0 1.0 0.016429877618446064 0.40326445630328883 0.00025879917184265007 0.00013990362194932378
0 1.0 0.01834863042339134 0.3446921296037549 0.00025879917184265007 0.00013990362194932378
0 1.0 0.035293268843058376 0.21040555239169198 0.00025879917184265007 0.00013990362194932378
0 1.0 0.03478940500611381 0.23908309748345205 0.00025879917184265007 0.00013990362194932378
0 1.0 0.03459964083078078 0.23630617625131553 0.00025879917184265007 0.00013990362194932378
0 1.0 0.03358041567855644 0.2902036519592079 0.00025879917184265007 0.00013990362194932378
0 1.0 0.03270773357305607 0.3363556262781696 0.00025879917184265007 0.00013990362194932378
0 1.0 0.03008128190085973 0.4752794782438131 0.00025879917184265007 0.00013990362194932378
0 1.0 0.06275379564270687 -1.1485495930869043 0.00025879917184265007 0.00013990362194932378
0 1.0 0.04064622955310039 -0.29103105853843114 0.00025879917184265007 0.00013990362194932378
0 1.0 0.03961396505250914 -0.26375811089023415 0.00025879917184265007 0.00013990362194932378
0 1.0 0.03876838411348028 -0.24141743689704778 0.00025879917184265007 0.00013990362194932378
0 1.0 0.03806304239810146 -0.2227819537756208 0.00025879917184265007 0.00013990362194932378
0 1.0 0.03746571661894661 -0.20700030605405517 0.00025879917184265007 0.00013990362194932378
