0 1.0 0.028378423383471796 0.03511946669534694 0.00025879917184265007 0.00013990362194932378
0 1.0 0.027879614322374135 0.04836018767948137 0.00025879917184265007 0.00013990362194932378
0 1.0 0.09266229508598295 -3.5887176276007904 0.00025879917184265007 0.00013990362194932378
0 1.0 0.024670222039165423 0.13818649529411373 0.00025879917184265007 0.00013990362194932378
0 1.0 0.022919392438947354 0.1861020532207009 0.00025879917184265007 0.00013990362194932378
0 1.0 0.012284268903496758 0.4797480372074217 0.00025879917184265007 0.00013990362194932378
0 1.0 0.08566664627699767 -1.5619572184408534 0.00025879917184265007 0.00013990362194932378
0 1.0 0.05159765558076642 -0.6758031745667102 0.00025879917184265007 0.00013990362194932378
0 1.0 0.05465033748763071 -0.8798160787486279 0.00025879917184265007 0.00013990362194932378
0 1.0 0.06037244532733838 -1.2121074836982684 0.00025879917184265007 0.00013990362194932378
0 1.0 0.1162000582908894 -4.745430585137459 0.00025879917184265007 0.00013990362194932378
0 1.0 -0.018531362622851218 1.4229110969591483 0.00025879917184265007 0.00013990362194932378
0 1.0 -0.00040060107598692535 0.8871510542748122 0.00025879917184265007 0.00013990362194932378
0 1.0 0.02683774468307352 0.08495896728567007 0.00025879917184265007 0.00013990362194932378
0 1.0 0.027507436106042876 0.06545573084350056 0.00025879917184265007 0.00013990362194932378
0 1.0 0.02799128673947866 0.05136815053936106 0.00025879917184265007 0.00013990362194932378
0 1.0 0.028195472028054756 0.04542205997818316 0.00025879917184265007 0.00013990362194932378
0 1.0 0.02849046059222862 0.03683077010273457 0.00025879917184265007 0.00013990362194932378
0 1.0 0.02862720626594535 0.03284856903342313 0.00025879917184265007 0.00013990362194932378
0 1.0 0.028741467469940704 0.02952114318978249 0.00025879917184265007 0.00013990362194932378
0 1.0 0.007547380382717353 0.6522899385647493 0.00025879917184265007 0.00013990362194932378
0 1.0 0.012232049845930104 0.5138589793860388 0.00025879917184265007 0.00013990362194932378
0 1.0 0.015309552152119819 0.42291945857972735 0.00025879917184265007 0.00013990362194932378
0 1.0 0.01749119388734505 0.35845242192685384 0.00025879917184265007 0.00013990362194932378
0 1.0 0.02135111808046421 0.2447374008038823 0.00025879917184265007 0.00013990362194932378
0 1.0 0.022318253746782042 0.21657321982181746 0.00025879917184265007 0.00013990362194932378
0 1.0 0.024221334941824026 0.1611531530541486 0.00025879917184265007 0.00013990362194932378
0 1.0 0.02530940399276275 0.12946716167080663 0.00025879917184265007 0.00013990362194932378
0 1.0 0.0264273267369873 0.09691088350983833 0.00025879917184265007 0.00013990362194932378
0 1.0 0.027171106926483633 0.07525101556588482 0.00025879917184265007 0.00013990362194932378
0 1.0 0.021934207389202817 0.20619319082055934 0.00025879917184265007 0.00013990362194932378
0 1.0 0.02044019433623492 0.24585505424931417 0.00025879917184265007 0.00013990362194932378
0 1.0 0.028386123997357234 0.03814421666387964 0.00025879917184265007 0.00013990362194932378
0 1.0 0.02865204566299327 0.030638470058260214 0.00025879917184265007 0.00013990362194932378
0 1.0 0.028662138038455447 0.02893815837122396 0.00025879917184265007 0.00013990362194932378
0 1.0 0.028572765089487726 0.03138401477285205 0.00025879917184265007 0.00013990362194932378
0 1.0 0.028466414818099594 0.03429448707005136 0.00025879917184265007 0.00013990362194932378
0 1.0 0.028400138325375763 0.03610826613718952 0.00025879917184265007 0.00013990362194932378
0 1.0 0.0270748277192975 0.07237737147831268 0.00025879917184265007 0.00013990362194932378
0 1.0 0.02630697387420194 0.0933918796947848 0.00025879917184265007 0.00013990362194932378
0 1.0 0.07458575672025869 -1.8718823674041236 0.00025879917184265007 0.00013990362194932378
0 1.0 0.004615776428002167 2.1090083433963827 0.00025879917184265007 0.00013990362194932378
0 1.0 0.01665480690840022 1.3687676490338532 0.00025879917184265007 0.00013990362194932378
0 1.0 0.021369483292549223 1.0788775847151815 0.00025879917184265007 0.00013990362194932378
0 1.0 0.024372467505903474 0.8942338858000185 0.00025879917184265007 0.00013990362194932378
0 1.0 0.06343588991508785 -1.2810825222453093 0.00025879917184265007 0.00013990362194932378
0 1.0 0.0769142590601488 -2.1524830488203714 0.00025879917184265007 0.00013990362194932378
0 1.0 0.2301063999238025 -10.861210420788458 0.00025879917184265007 0.00013990362194932378
0 1.0 -0.010798717628558167 2.8331442787266075 0.00025879917184265007 0.00013990362194932378
0 1.0 0.011433939337763158 1.568314042772989 0.00025879917184265007 0.00013990362194932378
0 1.0 0.019439977565643127 1.1126389009822415 0.00025879917184265007 0.00013990362194932378
0 1.0 0.02290453834448591 0.9154484580682717 0.00025879917184265007 0.00013990362194932378
0 1.0 -0.06528052327031038 6.405049699947628 0.00025879917184265007 0.00013990362194932378
0 1.0 0.025277297259358945 0.7803994832576291 0.00025879917184265007 0.00013990362194932378
0 1.0 0.029756365796017748 0.5254848557721635 0.00025879917184265007 0.00013990362194932378
0 1.0 0.014212380721371409 1.3143891855435985 0.00025879917184265007 0.00013990362194932378
0 1.0 0.14584849115959733 -5.248110142346533 0.00025879917184265007 0.00013990362194932378
0 1.0 0.030515629416516157 0.48226894620683053 0.00025879917184265007 0.00013990362194932378
0 1.0 0.031148967872579973 0.44622046883669547 0.00025879917184265007 0.00013990362194932378
0 1.0 0.035258326625557335 0.20147405598168813 0.00025879917184265007 0.00013990362194932378
0 1.0 0.03513618272515169 0.20793317664721614 0.00025879917184265007 0.00013990362194932378
0 1.0 0.03480785148768595 0.22529573895290778 0.00025879917184265007 0.00013990362194932378
0 1.0 0.0342370663689681 0.2554795626530056 0.00025879917184265007 0.00013990362194932378
0 1.0 0.033329460271135494 0.30347415422270524 0.00025879917184265007 0.00013990362194932378
0 1.0 0.03216392692700429 0.36511980069408784 0.00025879917184265007 0.00013990362194932378
0 1.0 0.028824767300410056 0.5785097541743263 0.00025879917184265007 0.00013990362194932378
0 1.0 0.03291095511931602 0.34593134730570774 0.00025879917184265007 0.00013990362194932378
0 1.0 0.035435074653201636 0.20121284559903288 0.00025879917184265007 0.00013990362194932378
0 1.0 0.034985624047510336 0.21589490590998045 0.00025879917184265007 0.00013990362194932378
0 1.0 0.03444421538769281 0.24452526609587039 0.00025879917184265007 0.00013990362194932378
0 1.0 0.03395056604650346 0.27063005438747556 0.00025879917184265007 0.00013990362194932378
0 1.0 0.027819542078738116 0.5948993206306351 0.00025879917184265007 0.00013990362194932378
0 1.0 -0.06785131971824039 5.648149387465796 0.00025879917184265007 0.00013990362194932378
0 1.0 0.027276420911187125 0.06946000740050796 0.00025879917184265007 0.00013990362194932378
0 1.0 0.02787895265513396 0.052455371092834976 0.00025879917184265007 0.00013990362194932378
0 1.0 0.027769794792295983 0.05335545107987557 0.00025879917184265007 0.00013990362194932378
0 1.0 0.027514842124231526 0.0603337317667511 0.00025879917184265007 0.00013990362194932378
0 1.0 0.02031327334127213 0.25742461400713595 0.00025879917184265007 0.00013990362194932378
0 1.0 0.006281600059963493 0.6259508995077105 0.00025879917184265007 0.00013990362194932378
0 1.0 -0.16173505607691038 5.143139155788684 0.00025879917184265007 0.00013990362194932378
0 1.0 0.028728257581345982 0.028143980037220892 0.00025879917184265007 0.00013990362194932378
0 1.0 0.02861635610692685 0.030191065784501415 0.00025879917184265007 0.00013990362194932378
0 1.0 0.028518412304328264 0.03287147948185049 0.00025879917184265007 0.00013990362194932378
0 1.0 0.028333762316220302 0.03792476865593317 0.00025879917184265007 0.00013990362194932378
0 1.0 0.028278237200010988 0.03944431637703115 0.00025879917184265007 0.00013990362194932378
0 1.0 0.02820839351928084 0.041355718155759544 0.00025879917184265007 0.00013990362194932378
0 1.0 0.02812837601969859 0.04354554534459072 0.00025879917184265007 0.00013990362194932378
0 1.0 0.028033720275831113 0.04613274816780138 0.00025879917184265007 0.00013990362194932378
0 1.0 -0.444571131500914 14.475896243660594 0.00025879917184265007 0.00013990362194932378
0 1.0 -0.041974970035728275 2.186145403145402 0.00025879917184265007 0.00013990362194932378
0 1.0 -0.008854091414401435 1.1750892013334724 0.00025879917184265007 0.00013990362194932378
0 1.0 0.0034314022800377964 0.8000591565663019 0.00025879917184265007 0.00013990362194932378
0 1.0 0.009837715019926592 0.6044984560044333 0.00025879917184265007 0.00013990362194932378
0 1.0 0.013770181509261747 0.48445500311427564 0.00025879917184265007 0.00013990362194932378
0 1.0 0.016429877618446064 0.40326445630328883 0.00025879917184265007 0.00013990362194932378
0 1.0 0.01834863042339134 0.3446921296037549 0.00025879917184265007 0.00013990362194932378
0 1.0 0.035187955191662 0.21639950703827163 0.00025879917184265007 0.00013990362194932378
0 1.0 0.034549538842854256 0.2527351443431299 0.00025879917184265007 0.00013990362194932378
0 1.0 0.034623353354079824 0.23505222866355968 0.00025879917184265007 0.00013990362194932378
0 1.0 0.03363644460568703 0.28724084668655403 0.00025879917184265007 0.00013990362194932378
0 1.0 0.03289305405972781 0.3265532620735961 0.00025879917184265007 0.00013990362194932378
0 1.0 0.031005483447155806 0.4263946500311985 0.00025879917184265007 0.00013990362194932378
0 1.0 0.05768338590281502 -0.9706328137575668 0.00025879917184265007 0.00013990362194932378
0 1.0 0.061168280248587975 -1.0688453941155238 0.00025879917184265007 0.00013990362194932378
0 1.0 0.04064622955310039 -0.29103105853843114 0.00025879917184265007 0.00013990362194932378
0 1.0 0.03961396505250914 -0.26375811089023415 0.00025879917184265007 0.00013990362194932378
0 1.0 0.03876838411348028 -0.24141743689704778 0.00025879917184265007 0.00013990362194932378
0 1.0 0.03806304239810146 -0.2227819537756208 0.00025879917184265007 0.00013990362194932378
0 1.0 0.03746571661894661 -0.20700030605405517 0.00025879917184265007 0.00013990362194932378
