0 1.0 0.06499696875338151 -1.4750042192333768 0.00025879917184265007 0.00013990362194932378
0 1.0 0.11139074218981304 -4.449907414465335 0.00025879917184265007 0.00013990362194932378
0 1.0 0.0915823989781919 -3.516636498057999 0.00025879917184265007 0.00013990362194932378
0 1.0 0.028648588351757254 0.03222589657388614 0.00025879917184265007 0.00013990362194932378
0 1.0 0.028754190811070907 0.029150623953036334 0.00025879917184265007 0.00013990362194932378
0 1.0 0.02324574066799237 0.17137565446618688 0.00025879917184265007 0.00013990362194932378
0 1.0 0.020645276254700713 0.24041070352845556 0.00025879917184265007 0.00013990362194932378
0 1.0 -0.004819976998888269 2.4931325217502107 0.00025879917184265007 0.00013990362194932378
0 1.0 0.019431852708296712 1.1131013388844855 0.00025879917184265007 0.00013990362194932378
0 1.0 0.024850387602917093 0.8046976582967591 0.00025879917184265007 0.00013990362194932378
0 1.0 0.025550521020387764 0.8217992198210646 0.00025879917184265007 0.00013990362194932378
0 1.0 -0.022543880552003664 3.2561220461222007 0.00025879917184265007 0.00013990362194932378
0 1.0 0.10173523079973175 -3.0771762634091386 0.00025879917184265007 0.00013990362194932378
0 1.0 0.10923801192035348 -3.7013643112790664 0.00025879917184265007 0.00013990362194932378
0 1.0 0.061168280248587975 -1.0688453941155238 0.00025879917184265007 0.00013990362194932378
0 1.0 0.0027954687526424364 0.7196767940907753 0.00025879917184265007 0.00013990362194932378
0 1.0 -0.3311061050289357 9.696740750244924 0.00025879917184265007 0.00013990362194932378
0 1.0 0.018604760783047312 0.3368734303608021 0.00025879917184265007 0.00013990362194932378
0 1.0 0.06040659162322326 -1.118547033979866 0.00025879917184265007 0.00013990362194932378
0 1.0 0.037311503985703376 -0.20292593066797487 0.00025879917184265007 0.00013990362194932378
