0 1.0 0.027009813800275354 0.07415687242875234 0.00025879917184265007 0.00013990362194932378
0 1.0 0.025074477242049538 0.12712270562322806 0.00025879917184265007 0.00013990362194932378
0 1.0 0.05164089571733143 -0.6850563184200058 0.00025879917184265007 0.00013990362194932378
0 1.0 0.054595988296744564 -0.876615163508267 0.00025879917184265007 0.00013990362194932378
0 1.0 0.05958181712494253 -1.1667174682476236 0.00025879917184265007 0.00013990362194932378
0 1.0 0.0693802128634707 -1.7241846128511216 0.00025879917184265007 0.00013990362194932378
0 1.0 0.11287938669066366 -4.197042839331778 0.00025879917184265007 0.00013990362194932378
0 1.0 0.1326438965123124 -5.755872632838841 0.00025879917184265007 0.00013990362194932378
0 1.0 0.10517872583773585 -4.424166945291111 0.00025879917184265007 0.00013990362194932378
0 1.0 -0.018531362622851218 1.4229110969591483 0.00025879917184265007 0.00013990362194932378
0 1.0 -0.00040060107598692535 0.8871510542748122 0.00025879917184265007 0.00013990362194932378
0 1.0 0.028481378623331697 0.03709524813168982 0.00025879917184265007 0.00013990362194932378
0 1.0 0.02863841365450031 0.0325221961875796 0.00025879917184265007 0.00013990362194932378
0 1.0 0.02874192329916707 0.029507868885862855 0.00025879917184265007 0.00013990362194932378
0 1.0 0.007547380382717353 0.6522899385647493 0.00025879917184265007 0.00013990362194932378
0 1.0 0.012232049845930104 0.5138589793860388 0.00025879917184265007 0.00013990362194932378
0 1.0 0.020715169804751195 0.26336554071705603 0.00025879917184265007 0.00013990362194932378
0 1.0 0.026418427455539316 0.09717004241684017 0.00025879917184265007 0.00013990362194932378
0 1.0 0.026863671258388185 0.08420395094416891 0.00025879917184265007 0.00013990362194932378
0 1.0 0.02726619830527139 0.07248162027287888 0.00025879917184265007 0.00013990362194932378
0 1.0 0.027908798135518862 0.05376978851184816 0.00025879917184265007 0.00013990362194932378
0 1.0 0.028180708901522387 0.04585221182011882 0.00025879917184265007 0.00013990362194932378
0 1.0 0.028276646188346726 0.04123427211839052 0.00025879917184265007 0.00013990362194932378
0 1.0 0.028452476066803938 0.036271402657415394 0.00025879917184265007 0.00013990362194932378
0 1.0 0.028655216623945965 0.02912757570814593 0.00025879917184265007 0.00013990362194932378
0 1.0 0.028608669273256327 0.030401430235472867 0.00025879917184265007 0.00013990362194932378
0 1.0 0.028498714154468408 0.03341055586336688 0.00025879917184265007 0.00013990362194932378
0 1.0 0.02836712927695801 0.03701161992954762 0.00025879917184265007 0.00013990362194932378
0 1.0 0.028196635569500673 0.041677496244901927 0.00025879917184265007 0.00013990362194932378
0 1.0 0.027992497462454007 0.04725988144384264 0.00025879917184265007 0.00013990362194932378
0 1.0 0.020712080290293554 0.238637243429891 0.00025879917184265007 0.00013990362194932378
0 1.0 0.05977003042557604 -1.0839714407853691 0.00025879917184265007 0.00013990362194932378
0 1.0 0.007979549720166476 1.9021809014753628 0.00025879917184265007 0.00013990362194932378
0 1.0 0.020735449443125584 1.117862256920374 0.00025879917184265007 0.00013990362194932378
0 1.0 0.05566206571124268 -0.8608423569751961 0.00025879917184265007 0.00013990362194932378
0 1.0 1.3943344225378376 -77.04570520355325 0.00025879917184265007 0.00013990362194932378
0 1.0 -0.048278744652176415 4.964538307900568 0.00025879917184265007 0.00013990362194932378
0 1.0 0.003651843446282805 2.011243185483125 0.00025879917184265007 0.00013990362194932378
0 1.0 0.013906307678510343 1.4275956547061268 0.00025879917184265007 0.00013990362194932378
0 1.0 0.019712701553077035 1.0971164243082114 0.00025879917184265007 0.00013990362194932378
0 1.0 0.02377074650740616 0.8661469788317082 0.00025879917184265007 0.00013990362194932378
0 1.0 -0.013385048019226764 3.215747446125597 0.00025879917184265007 0.00013990362194932378
0 1.0 0.026013127530074898 0.738518648642731 0.00025879917184265007 0.00013990362194932378
0 1.0 0.03183626330190928 0.4071008583131898 0.00025879917184265007 0.00013990362194932378
0 1.0 0.03430314037728417 0.2667589789365693 0.00025879917184265007 0.00013990362194932378
0 1.0 0.035008888215484264 0.22659115189796705 0.00025879917184265007 0.00013990362194932378
0 1.0 0.03481839352440874 0.2247382630001433 0.00025879917184265007 0.00013990362194932378
0 1.0 0.03462673730681682 0.23487328105355154 0.00025879917184265007 0.00013990362194932378
0 1.0 0.03405823918569158 0.26493616548968824 0.00025879917184265007 0.00013990362194932378
0 1.0 0.032382757295841676 0.35354496073499864 0.00025879917184265007 0.00013990362194932378
0 1.0 0.021597944021217355 0.9238727028963095 0.00025879917184265007 0.00013990362194932378
0 1.0 0.12753794681942643 -4.346998306005626 0.00025879917184265007 0.00013990362194932378
0 1.0 0.028824767300410056 0.5785097541743263 0.00025879917184265007 0.00013990362194932378
0 1.0 0.03544003969111195 0.20185020308965462 0.00025879917184265007 0.00013990362194932378
0 1.0 0.03498040263116051 0.216171020870583 0.00025879917184265007 0.00013990362194932378
0 1.0 0.034395340055433175 0.24710985417259254 0.00025879917184265007 0.00013990362194932378
0 1.0 0.03319573638493275 0.3105454628379471 0.00025879917184265007 0.00013990362194932378
0 1.0 0.031011457226387564 0.4260786722310165 0.00025879917184265007 0.00013990362194932378
0 1.0 0.06901899562309526 -1.577982623958337 0.00025879917184265007 0.00013990362194932378
0 1.0 0.028634503252712263 0.03113361168617586 0.00025879917184265007 0.00013990362194932378
0 1.0 0.028717040524754867 0.028064009842932138 0.00025879917184265007 0.00013990362194932378
0 1.0 0.023590820187691135 0.16772685829342554 0.00025879917184265007 0.00013990362194932378
0 1.0 0.019179527248381366 0.28863759614432316 0.00025879917184265007 0.00013990362194932378
0 1.0 0.028555801042884868 0.03184826735106907 0.00025879917184265007 0.00013990362194932378
0 1.0 0.02843646964294175 0.03511399229175053 0.00025879917184265007 0.00013990362194932378
0 1.0 0.028290163595075083 0.039117928470480075 0.00025879917184265007 0.00013990362194932378
0 1.0 0.027824602597233423 0.051855312840144344 0.00025879917184265007 0.00013990362194932378
0 1.0 0.027602522032283517 0.05793385490477759 0.00025879917184265007 0.00013990362194932378
0 1.0 0.02733399243598676 0.0652837541944218 0.00025879917184265007 0.00013990362194932378
0 1.0 0.026621821384027595 0.08477531348947333 0.00025879917184265007 0.00013990362194932378
0 1.0 0.026037949827095168 0.10075437563448508 0.00025879917184265007 0.00013990362194932378
0 1.0 -0.444571131500914 14.475896243660594 0.00025879917184265007 0.00013990362194932378
0 1.0 -0.041974970035728275 2.186145403145402 0.00025879917184265007 0.00013990362194932378
0 1.0 -0.008854091414401435 1.1750892013334724 0.00025879917184265007 0.00013990362194932378
0 1.0 0.0034314022800377964 0.8000591565663019 0.00025879917184265007 0.00013990362194932378
0 1.0 0.009837715019926592 0.6044984560044333 0.00025879917184265007 0.00013990362194932378
0 1.0 0.013770181509261747 0.48445500311427564 0.00025879917184265007 0.00013990362194932378
0 1.0 0.016429877618446064 0.40326445630328883 0.00025879917184265007 0.00013990362194932378
0 1.0 0.01834863042339134 0.3446921296037549 0.00025879917184265007 0.00013990362194932378
0 1.0 0.0351442112074978 0.20750862056162772 0.00025879917184265007 0.00013990362194932378
0 1.0 0.03526849156537668 0.2009365213800171 0.00025879917184265007 0.00013990362194932378
0 1.0 0.033683125933826844 0.284772341715456 0.00025879917184265007 0.00013990362194932378
0 1.0 0.02834580990105784 0.5670697537219039 0.00025879917184265007 0.00013990362194932378
0 1.0 0.14279282346660013 -5.472906206590311 0.00025879917184265007 0.00013990362194932378
0 1.0 0.06408939022833479 -1.215690219404917 0.00025879917184265007 0.00013990362194932378
0 1.0 0.04064622955310039 -0.29103105853843114 0.00025879917184265007 0.00013990362194932378
0 1.0 0.03961396505250914 -0.26375811089023415 0.00025879917184265007 0.00013990362194932378
0 1.0 0.03876838411348028 -0.24141743689704778 0.00025879917184265007 0.00013990362194932378
0 1.0 0.03806304239810146 -0.2227819537756208 0.00025879917184265007 0.00013990362194932378
0 1.0 0.03746571661894661 -0.20700030605405517 0.00025879917184265007 0.00013990362194932378
