0 1.0 0.0577994439372317 -1.063697023640528 0.00025879917184265007 0.00013990362194932378
0 1.0 0.05640061697689547 -1.0708705998664516 0.00025879917184265007 0.00013990362194932378
0 1.0 0.06229902477728498 -1.4333163485870102 0.00025879917184265007 0.00013990362194932378
0 1.0 0.15372603787998396 -7.051329435966939 0.00025879917184265007 0.00013990362194932378
0 1.0 0.07904679414417162 -2.462434377214939 0.00025879917184265007 0.00013990362194932378
0 1.0 0.09553284749959698 -3.780321855907822 0.00025879917184265007 0.00013990362194932378
0 1.0 0.028443300358018262 0.03339654828235053 0.00025879917184265007 0.00013990362194932378
0 1.0 0.02829881854902866 0.03723350847957642 0.00025879917184265007 0.00013990362194932378
0 1.0 0.02709906090990996 0.07171408296447335 0.00025879917184265007 0.00013990362194932378
0 1.0 0.02630202555699251 0.09352730240422107 0.00025879917184265007 0.00013990362194932378
0 1.0 0.02523095117391915 0.12284013320266653 0.00025879917184265007 0.00013990362194932378
0 1.0 0.025565167679741773 0.1098072910780247 0.00025879917184265007 0.00013990362194932378
0 1.0 0.0542174564755177 -0.8543213950864581 0.00025879917184265007 0.00013990362194932378
0 1.0 -0.018531362622851218 1.4229110969591483 0.00025879917184265007 0.00013990362194932378
0 1.0 -0.00040060107598692535 0.8871510542748122 0.00025879917184265007 0.00013990362194932378
0 1.0 0.024391828070252728 0.15618818330637185 0.00025879917184265007 0.00013990362194932378
0 1.0 0.02564825736171554 0.11959866387434742 0.00025879917184265007 0.00013990362194932378
0 1.0 0.025885531414801998 0.1126888360933352 0.00025879917184265007 0.00013990362194932378
0 1.0 0.02609982970550766 0.10644810195793426 0.00025879917184265007 0.00013990362194932378
0 1.0 0.026471671913871824 0.09561949300383331 0.00025879917184265007 0.00013990362194932378
0 1.0 0.026634013293545245 0.09089189620141463 0.00025879917184265007 0.00013990362194932378
0 1.0 0.02692075575166903 0.08254157460829495 0.00025879917184265007 0.00013990362194932378
0 1.0 0.027048114642737018 0.07883271438187614 0.00025879917184265007 0.00013990362194932378
0 1.0 0.027279283293270548 0.07210052875831174 0.00025879917184265007 0.00013990362194932378
0 1.0 0.027384872293707584 0.06902531981652615 0.00025879917184265007 0.00013990362194932378
0 1.0 0.007547380382717353 0.6522899385647493 0.00025879917184265007 0.00013990362194932378
0 1.0 0.02753900422416379 0.0645363305393121 0.00025879917184265007 0.00013990362194932378
0 1.0 0.027905136624578563 0.053876392615794036 0.00025879917184265007 0.00013990362194932378
0 1.0 0.028124210888245564 0.04749809252147212 0.00025879917184265007 0.00013990362194932378
0 1.0 0.028457265843233638 0.0377974417446994 0.00025879917184265007 0.00013990362194932378
0 1.0 0.02863386828565148 0.03265456288115196 0.00025879917184265007 0.00013990362194932378
0 1.0 0.028737247372481806 0.029644037583123683 0.00025879917184265007 0.00013990362194932378
0 1.0 0.012232049845930104 0.5138589793860388 0.00025879917184265007 0.00013990362194932378
0 1.0 0.015309552152119819 0.42291945857972735 0.00025879917184265007 0.00013990362194932378
0 1.0 0.01749119388734505 0.35845242192685384 0.00025879917184265007 0.00013990362194932378
0 1.0 0.02133812437693726 0.2451157934436181 0.00025879917184265007 0.00013990362194932378
0 1.0 0.02217733676852146 0.22067689567350743 0.00025879917184265007 0.00013990362194932378
0 1.0 0.022872997361839276 0.2004184029566695 0.00025879917184265007 0.00013990362194932378
0 1.0 0.023459046962174677 0.18335191726789857 0.00025879917184265007 0.00013990362194932378
0 1.0 0.02395949899775119 0.16877813802089447 0.00025879917184265007 0.00013990362194932378
0 1.0 0.024769061548930264 0.14520268009727283 0.00025879917184265007 0.00013990362194932378
0 1.0 0.02822692113307877 0.040848675663171304 0.00025879917184265007 0.00013990362194932378
0 1.0 0.02793829558562445 0.048743434893757834 0.00025879917184265007 0.00013990362194932378
0 1.0 0.02732371340362116 0.0655651023755389 0.00025879917184265007 0.00013990362194932378
0 1.0 0.027655071470884165 0.05649553015502325 0.00025879917184265007 0.00013990362194932378
0 1.0 0.027500978124868167 0.060713201727723105 0.00025879917184265007 0.00013990362194932378
0 1.0 0.027898168401184083 0.047867733004161625 0.00025879917184265007 0.00013990362194932378
0 1.0 0.02681157578008444 0.07671228396021994 0.00025879917184265007 0.00013990362194932378
0 1.0 0.022509515138901214 0.19092038088579155 0.00025879917184265007 0.00013990362194932378
0 1.0 0.02073288455133251 0.23808494854972073 0.00025879917184265007 0.00013990362194932378
0 1.0 0.02629433599412494 0.10078375074782889 0.00025879917184265007 0.00013990362194932378
0 1.0 0.026783185063717352 0.08654781593613926 0.00025879917184265007 0.00013990362194932378
0 1.0 0.027166817658847008 0.07537592474187209 0.00025879917184265007 0.00013990362194932378
0 1.0 0.027721368754338817 0.059226754654966345 0.00025879917184265007 0.00013990362194932378
0 1.0 0.0283269007266799 0.041593833194834784 0.00025879917184265007 0.00013990362194932378
0 1.0 0.028656291075602122 0.030518641569663357 0.00025879917184265007 0.00013990362194932378
0 1.0 0.0283623418241619 0.037142637448876616 0.00025879917184265007 0.00013990362194932378
0 1.0 0.02828831630787778 0.03916848290858875 0.00025879917184265007 0.00013990362194932378
0 1.0 -0.3300219835730618 20.98118931117275 0.00025879917184265007 0.00013990362194932378
0 1.0 0.008318350763102585 1.8813491310365313 0.00025879917184265007 0.00013990362194932378
0 1.0 0.01668800282927217 1.3667265401957112 0.00025879917184265007 0.00013990362194932378
0 1.0 0.024126471489795617 0.9093593780122438 0.00025879917184265007 0.00013990362194932378
0 1.0 0.05729991539376487 -0.9498041481524211 0.00025879917184265007 0.00013990362194932378
0 1.0 0.0517729526340361 -0.7103514578389643 0.00025879917184265007 0.00013990362194932378
0 1.0 0.06388498635652579 -1.4117898044334456 0.00025879917184265007 0.00013990362194932378
0 1.0 0.1392906995143658 -5.698483589625266 0.00025879917184265007 0.00013990362194932378
0 1.0 0.003568614655025386 2.0159802714397204 0.00025879917184265007 0.00013990362194932378
0 1.0 0.020025847327876427 1.0792932836646911 0.00025879917184265007 0.00013990362194932378
0 1.0 0.07893902205129524 -2.2675875756148502 0.00025879917184265007 0.00013990362194932378
0 1.0 0.02329404939499055 0.8932788782941429 0.00025879917184265007 0.00013990362194932378
0 1.0 0.028825491277592256 0.5784685467048938 0.00025879917184265007 0.00013990362194932378
0 1.0 0.03392969298563628 0.2717338476866276 0.00025879917184265007 0.00013990362194932378
0 1.0 0.03330771909760914 0.30462382577374814 0.00025879917184265007 0.00013990362194932378
0 1.0 0.032883189184823435 0.3270750559582415 0.00025879917184265007 0.00013990362194932378
0 1.0 0.028722836094349776 0.5471322328863852 0.00025879917184265007 0.00013990362194932378
0 1.0 0.025388614436649075 0.7234385291697931 0.00025879917184265007 0.00013990362194932378
0 1.0 0.005719891393286407 1.7633101684262469 0.00025879917184265007 0.00013990362194932378
0 1.0 1.9059434212897393 -98.55926276328933 0.00025879917184265007 0.00013990362194932378
0 1.0 0.02975695543111895 0.5254512948105683 0.00025879917184265007 0.00013990362194932378
0 1.0 0.030516096830104287 0.48224234187230297 0.00025879917184265007 0.00013990362194932378
0 1.0 0.03287278862499742 0.3481037150082669 0.00025879917184265007 0.00013990362194932378
0 1.0 0.033181650022526245 0.3305268680771777 0.00025879917184265007 0.00013990362194932378
0 1.0 0.03374827832243383 0.29831934921297576 0.00025879917184265007 0.00013990362194932378
0 1.0 0.03542639283856274 0.20282876456936688 0.00025879917184265007 0.00013990362194932378
0 1.0 0.03499765758379783 0.21525855761378385 0.00025879917184265007 0.00013990362194932378
0 1.0 0.03464775199106482 0.2337619985346949 0.00025879917184265007 0.00013990362194932378
0 1.0 0.02677740773737781 0.6950185451061461 0.00025879917184265007 0.00013990362194932378
0 1.0 0.031146675429675343 0.4463509505331372 0.00025879917184265007 0.00013990362194932378
0 1.0 0.0675426107273469 -1.3892843546408609 0.00025879917184265007 0.00013990362194932378
0 1.0 0.03252825775802009 0.3677137876994694 0.00025879917184265007 0.00013990362194932378
0 1.0 0.03347111283105752 0.3140736149167246 0.00025879917184265007 0.00013990362194932378
0 1.0 0.03501426370878456 0.22628520425853244 0.00025879917184265007 0.00013990362194932378
0 1.0 0.03527929242797642 0.20036535839445807 0.00025879917184265007 0.00013990362194932378
0 1.0 0.03421957223471767 0.25640467412960916 0.00025879917184265007 0.00013990362194932378
0 1.0 0.03360485989835002 0.2889110435335352 0.00025879917184265007 0.00013990362194932378
0 1.0 0.031082873376592775 0.4223011777565894 0.00025879917184265007 0.00013990362194932378
0 1.0 0.10178863940802785 -3.0798046467168034 0.00025879917184265007 0.00013990362194932378
0 1.0 0.02847736327496579 0.033994862254898554 0.00025879917184265007 0.00013990362194932378
0 1.0 0.02841890353916375 0.03559472128048061 0.00025879917184265007 0.00013990362194932378
0 1.0 0.02814770713901583 0.04301651343416559 0.00025879917184265007 0.00013990362194932378
0 1.0 0.028055505292257067 0.04553732775763643 0.00025879917184265007 0.00013990362194932378
0 1.0 0.02780342271414913 0.05243502502829096 0.00025879917184265007 0.00013990362194932378
0 1.0 0.025833413559006087 0.10635205791130278 0.00025879917184265007 0.00013990362194932378
0 1.0 0.0244161393782828 0.1451400631651083 0.00025879917184265007 0.00013990362194932378
0 1.0 0.023110945507256852 0.18085975429026455 0.00025879917184265007 0.00013990362194932378
0 1.0 0.026322710850372338 0.0896952872826184 0.00025879917184265007 0.00013990362194932378
0 1.0 0.021681876170614556 0.21996958803563024 0.00025879917184265007 0.00013990362194932378
0 1.0 0.023196646638573622 0.18460822588515335 0.00025879917184265007 0.00013990362194932378
0 1.0 0.020041699371463027 0.26488830598552815 0.00025879917184265007 0.00013990362194932378
0 1.0 0.017282953141777052 0.3411221646793044 0.00025879917184265007 0.00013990362194932378
0 1.0 0.007279988053814737 0.618529117606606 0.00025879917184265007 0.00013990362194932378
0 1.0 -0.2324916181692454 7.045454787388527 0.00025879917184265007 0.00013990362194932378
0 1.0 0.026073404373749918 0.1034208514660652 0.00025879917184265007 0.00013990362194932378
0 1.0 0.02789354736226789 0.05204337474826852 0.00025879917184265007 0.00013990362194932378
0 1.0 0.028730340091379036 0.028195307238476183 0.00025879917184265007 0.00013990362194932378
0 1.0 0.028665876216869057 0.028835856190206458 0.00025879917184265007 0.00013990362194932378
0 1.0 0.028622637868538404 0.030019153734730332 0.00025879917184265007 0.00013990362194932378
0 1.0 0.02857769124151857 0.03124920149188499 0.00025879917184265007 0.00013990362194932378
0 1.0 0.028525812489483448 0.032668959698805504 0.00025879917184265007 0.00013990362194932378
0 1.0 -0.444571131500914 14.475896243660594 0.00025879917184265007 0.00013990362194932378
0 1.0 -0.041974970035728275 2.186145403145402 0.00025879917184265007 0.00013990362194932378
0 1.0 -0.008854091414401435 1.1750892013334724 0.00025879917184265007 0.00013990362194932378
0 1.0 0.0034314022800377964 0.8000591565663019 0.00025879917184265007 0.00013990362194932378
0 1.0 0.009837715019926592 0.6044984560044333 0.00025879917184265007 0.00013990362194932378
0 1.0 0.013770181509261747 0.48445500311427564 0.00025879917184265007 0.00013990362194932378
0 1.0 0.016429877618446064 0.40326445630328883 0.00025879917184265007 0.00013990362194932378
0 1.0 0.01834863042339134 0.3446921296037549 0.00025879917184265007 0.00013990362194932378
0 1.0 0.032134015105156344 0.39015336517030186 0.00025879917184265007 0.00013990362194932378
0 1.0 0.03167885127943987 0.4160604654165389 0.00025879917184265007 0.00013990362194932378
0 1.0 0.062288135638376985 -1.2197624346714309 0.00025879917184265007 0.00013990362194932378
0 1.0 0.034508891307435896 0.25504860969697835 0.00025879917184265007 0.00013990362194932378
0 1.0 0.035137994617390055 0.20783736154255858 0.00025879917184265007 0.00013990362194932378
0 1.0 0.03480335089718044 0.2255337357504947 0.00025879917184265007 0.00013990362194932378
0 1.0 0.034465415952816415 0.24340415396619328 0.00025879917184265007 0.00013990362194932378
0 1.0 0.071513146966741 -1.7096625051707617 0.00025879917184265007 0.00013990362194932378
0 1.0 0.03243054854335913 0.3510170847166987 0.00025879917184265007 0.00013990362194932378
0 1.0 0.031809944281002506 0.3838434015248741 0.00025879917184265007 0.00013990362194932378
0 1.0 0.030118307077763334 0.47332106406486313 0.00025879917184265007 0.00013990362194932378
0 1.0 0.04064622955310039 -0.29103105853843114 0.00025879917184265007 0.00013990362194932378
0 1.0 0.03961396505250914 -0.26375811089023415 0.00025879917184265007 0.00013990362194932378
0 1.0 0.03876838411348028 -0.24141743689704778 0.00025879917184265007 0.00013990362194932378
0 1.0 0.03806304239810146 -0.2227819537756208 0.00025879917184265007 0.00013990362194932378
0 1.0 0.03746571661894661 -0.20700030605405517 0.00025879917184265007 0.00013990362194932378
