0 1.0 0.023919472269582902 0.15873252334180193 0.00025879917184265007 0.00013990362194932378
0 1.0 -0.043113555146973674 2.016066662085699 0.00025879917184265007 0.00013990362194932378
0 1.0 0.05733236836724643 -1.0367002458519194 0.00025879917184265007 0.00013990362194932378
0 1.0 0.0716631645231766 -1.8539667511231923 0.00025879917184265007 0.00013990362194932378
0 1.0 0.14770240069023058 -6.176675302738471 0.00025879917184265007 0.00013990362194932378
0 1.0 0.12171300609539827 -5.084190562792925 0.00025879917184265007 0.00013990362194932378
0 1.0 0.08900612467119776 -3.34467480589108 0.00025879917184265007 0.00013990362194932378
0 1.0 -0.018531362622851218 1.4229110969591483 0.00025879917184265007 0.00013990362194932378
0 1.0 -0.00040060107598692535 0.8871510542748122 0.00025879917184265007 0.00013990362194932378
0 1.0 0.02875163008611755 0.029225195391900143 0.00025879917184265007 0.00013990362194932378
0 1.0 0.007547380382717353 0.6522899385647493 0.00025879917184265007 0.00013990362194932378
0 1.0 0.021887965010535162 0.22910375743329972 0.00025879917184265007 0.00013990362194932378
0 1.0 0.026644366708182425 0.09059039100273167 0.00025879917184265007 0.00013990362194932378
0 1.0 0.027757542860540028 0.058173553328926896 0.00025879917184265007 0.00013990362194932378
0 1.0 0.02796272546522529 0.05219970589969838 0.00025879917184265007 0.00013990362194932378
0 1.0 0.028263035293942772 0.043453672615163766 0.00025879917184265007 0.00013990362194932378
0 1.0 0.028548824537001877 0.035131140732618436 0.00025879917184265007 0.00013990362194932378
0 1.0 0.028684958544462964 0.03116675213189262 0.00025879917184265007 0.00013990362194932378
0 1.0 0.028691625474419682 0.029521313866588905 0.00025879917184265007 0.00013990362194932378
0 1.0 0.028707514570699227 0.02806836878865283 0.00025879917184265007 0.00013990362194932378
0 1.0 0.028556153922433616 0.031838610148153985 0.00025879917184265007 0.00013990362194932378
0 1.0 0.028494962486241643 0.033513227218124664 0.00025879917184265007 0.00013990362194932378
0 1.0 0.028241014802116386 0.04046297628728355 0.00025879917184265007 0.00013990362194932378
0 1.0 0.027884411923500364 0.05021827852490396 0.00025879917184265007 0.00013990362194932378
0 1.0 0.02738098181703344 0.06399760711879643 0.00025879917184265007 0.00013990362194932378
0 1.0 0.02679504101066384 0.07715140518425456 0.00025879917184265007 0.00013990362194932378
0 1.0 0.07089509493285956 -1.6770321603394631 0.00025879917184265007 0.00013990362194932378
0 1.0 0.0553877013165818 -0.8459399222495001 0.00025879917184265007 0.00013990362194932378
0 1.0 0.052862429199334274 -0.774516573915662 0.00025879917184265007 0.00013990362194932378
0 1.0 -0.10111201338717082 7.968024850937409 0.00025879917184265007 0.00013990362194932378
0 1.0 -0.008486738762544709 2.701661740008603 0.00025879917184265007 0.00013990362194932378
0 1.0 0.008696738626022948 1.724105744852098 0.00025879917184265007 0.00013990362194932378
0 1.0 0.017112364579807783 1.2451183305284332 0.00025879917184265007 0.00013990362194932378
0 1.0 0.02208040695143851 0.9623550776336527 0.00025879917184265007 0.00013990362194932378
0 1.0 0.025119751720877496 0.789366413409925 0.00025879917184265007 0.00013990362194932378
0 1.0 0.02371049127972939 0.9349366435604913 0.00025879917184265007 0.00013990362194932378
0 1.0 0.03095067897688131 0.45750671349924976 0.00025879917184265007 0.00013990362194932378
0 1.0 0.03498043728140362 0.2282104444234003 0.00025879917184265007 0.00013990362194932378
0 1.0 0.03542103966712545 0.20313344175399545 0.00025879917184265007 0.00013990362194932378
0 1.0 0.035280449337981454 0.2003041795611576 0.00025879917184265007 0.00013990362194932378
0 1.0 0.03400774413963442 0.2676064060372011 0.00025879917184265007 0.00013990362194932378
0 1.0 0.03333596132302261 0.3031303791087525 0.00025879917184265007 0.00013990362194932378
0 1.0 0.030933670028213737 0.4301931576861697 0.00025879917184265007 0.00013990362194932378
0 1.0 0.008254680341229732 1.6294041982210885 0.00025879917184265007 0.00013990362194932378
0 1.0 0.10888479131080805 -3.6827158647743112 0.00025879917184265007 0.00013990362194932378
0 1.0 0.03370727409371248 0.30065005608072337 0.00025879917184265007 0.00013990362194932378
0 1.0 0.03514973704444879 0.20721640746276745 0.00025879917184265007 0.00013990362194932378
0 1.0 0.03443883199443593 0.2448099465958424 0.00025879917184265007 0.00013990362194932378
0 1.0 0.03242039992375716 0.3515538870276528 0.00025879917184265007 0.00013990362194932378
0 1.0 0.023481345917136808 0.82428659768738 0.00025879917184265007 0.00013990362194932378
0 1.0 -0.19455097542832786 12.337316689227501 0.00025879917184265007 0.00013990362194932378
0 1.0 0.028649634541511915 0.02928033974036637 0.00025879917184265007 0.00013990362194932378
0 1.0 0.028607976629519413 0.030420385715151505 0.00025879917184265007 0.00013990362194932378
0 1.0 -0.029377100184425083 1.5846478863527216 0.00025879917184265007 0.00013990362194932378
0 1.0 0.3577912056740643 -8.824511328216001 0.00025879917184265007 0.00013990362194932378
0 1.0 0.02837705139787948 0.036740082699839964 0.00025879917184265007 0.00013990362194932378
0 1.0 0.028078066540488864 0.04492069165264823 0.00025879917184265007 0.00013990362194932378
0 1.0 0.02765925824861698 0.05638093433449364 0.00025879917184265007 0.00013990362194932378
0 1.0 0.02682052178359957 0.07933739483201988 0.00025879917184265007 0.00013990362194932378
0 1.0 0.026302018690906113 0.09352749031133856 0.00025879917184265007 0.00013990362194932378
0 1.0 0.0256942103879761 0.11016173846108109 0.00025879917184265007 0.00013990362194932378
0 1.0 0.02253371159841537 0.19665711389215856 0.00025879917184265007 0.00013990362194932378
0 1.0 0.017508450958803084 0.33486855269897 0.00025879917184265007 0.00013990362194932378
0 1.0 -0.444571131500914 14.475896243660594 0.00025879917184265007 0.00013990362194932378
0 1.0 -0.041974970035728275 2.186145403145402 0.00025879917184265007 0.00013990362194932378
0 1.0 -0.008854091414401435 1.1750892013334724 0.00025879917184265007 0.00013990362194932378
0 1.0 0.0034314022800377964 0.8000591565663019 0.00025879917184265007 0.00013990362194932378
0 1.0 0.009837715019926592 0.6044984560044333 0.00025879917184265007 0.00013990362194932378
0 1.0 0.013770181509261747 0.48445500311427564 0.00025879917184265007 0.00013990362194932378
0 1.0 0.016429877618446064 0.40326445630328883 0.00025879917184265007 0.00013990362194932378
0 1.0 0.018348653550921638 0.34469142360699545 0.00025879917184265007 0.00013990362194932378
0 1.0 0.03475174149219153 0.22826290497787585 0.00025879917184265007 0.00013990362194932378
0 1.0 0.034966779046315934 0.2168914529029323 0.00025879917184265007 0.00013990362194932378
0 1.0 0.028088970444341103 0.5806516801524304 0.00025879917184265007 0.00013990362194932378
0 1.0 0.08516488679750575 -2.261704432793587 0.00025879917184265007 0.00013990362194932378
0 1.0 0.0625609654367453 -1.138855977269201 0.00025879917184265007 0.00013990362194932378
0 1.0 0.04064622955310039 -0.29103105853843114 0.00025879917184265007 0.00013990362194932378
0 1.0 0.03961396505250914 -0.26375811089023415 0.00025879917184265007 0.00013990362194932378
0 1.0 0.03876838411348028 -0.24141743689704778 0.00025879917184265007 0.00013990362194932378
0 1.0 0.03806304239810146 -0.2227819537756208 0.00025879917184265007 0.00013990362194932378
0 1.0 0.03746571661894661 -0.20700030605405517 0.00025879917184265007 0.00013990362194932378
