0 1.0 0.05303876302131829 -0.7849018180927596 0.00025879917184265007 0.00013990362194932378
0 1.0 0.05596107904318497 -1.0438618441367646 0.00025879917184265007 0.00013990362194932378
0 1.0 0.06227824575917414 -1.4320395181216181 0.00025879917184265007 0.00013990362194932378
0 1.0 0.14615828310632867 -6.586305545131568 0.00025879917184265007 0.00013990362194932378
0 1.0 0.07389668966932464 -2.145970420237996 0.00025879917184265007 0.00013990362194932378
0 1.0 0.09553284749959698 -3.780321855907822 0.00025879917184265007 0.00013990362194932378
0 1.0 0.028082461878127563 0.04297922789198708 0.00025879917184265007 0.00013990362194932378
0 1.0 0.02783367396529508 0.051607021449319765 0.00025879917184265007 0.00013990362194932378
0 1.0 0.02783433614207423 0.049561942388354006 0.00025879917184265007 0.00013990362194932378
0 1.0 0.0283253602289878 0.03652864902160793 0.00025879917184265007 0.00013990362194932378
0 1.0 0.052871562113782196 -0.6853500276993121 0.00025879917184265007 0.00013990362194932378
0 1.0 -0.018531362622851218 1.4229110969591483 0.00025879917184265007 0.00013990362194932378
0 1.0 -0.00040060107598692535 0.8871510542748122 0.00025879917184265007 0.00013990362194932378
0 1.0 0.024391828070252728 0.15618818330637185 0.00025879917184265007 0.00013990362194932378
0 1.0 0.02564825736171554 0.11959866387434742 0.00025879917184265007 0.00013990362194932378
0 1.0 0.025885531414801998 0.1126888360933352 0.00025879917184265007 0.00013990362194932378
0 1.0 0.02609982970550766 0.10644810195793426 0.00025879917184265007 0.00013990362194932378
0 1.0 0.026471671913871824 0.09561949300383331 0.00025879917184265007 0.00013990362194932378
0 1.0 0.026634013293545245 0.09089189620141463 0.00025879917184265007 0.00013990362194932378
0 1.0 0.026920727124971754 0.08254240825577776 0.00025879917184265007 0.00013990362194932378
0 1.0 0.027047948249583387 0.07883755997172323 0.00025879917184265007 0.00013990362194932378
0 1.0 0.027275744120177834 0.07220360480502298 0.00025879917184265007 0.00013990362194932378
0 1.0 0.02737811197925188 0.06922220944875493 0.00025879917184265007 0.00013990362194932378
0 1.0 0.007547380382717353 0.6522899385647493 0.00025879917184265007 0.00013990362194932378
0 1.0 0.027473802074459288 0.06643529949408011 0.00025879917184265007 0.00013990362194932378
0 1.0 0.027647633272305364 0.06137354736414413 0.00025879917184265007 0.00013990362194932378
0 1.0 0.027726856239377293 0.05906698770766435 0.00025879917184265007 0.00013990362194932378
0 1.0 0.02787226852484644 0.054833340274147276 0.00025879917184265007 0.00013990362194932378
0 1.0 0.027939674996459656 0.05287081534286648 0.00025879917184265007 0.00013990362194932378
0 1.0 0.028072531933032673 0.04900271419355445 0.00025879917184265007 0.00013990362194932378
0 1.0 0.02818417556765869 0.04575120389197886 0.00025879917184265007 0.00013990362194932378
0 1.0 0.028377518757212686 0.0401197743099324 0.00025879917184265007 0.00013990362194932378
0 1.0 0.028624742111146323 0.03292032823142128 0.00025879917184265007 0.00013990362194932378
0 1.0 0.028709754700233344 0.030444657784482687 0.00025879917184265007 0.00013990362194932378
0 1.0 0.012232049845930104 0.5138589793860388 0.00025879917184265007 0.00013990362194932378
0 1.0 0.02875975361255095 0.028988628378331 0.00025879917184265007 0.00013990362194932378
0 1.0 0.015309552152119819 0.42291945857972735 0.00025879917184265007 0.00013990362194932378
0 1.0 0.01749119388734505 0.35845242192685384 0.00025879917184265007 0.00013990362194932378
0 1.0 0.02133812437693726 0.2451157934436181 0.00025879917184265007 0.00013990362194932378
0 1.0 0.02217733676852146 0.22067689567350743 0.00025879917184265007 0.00013990362194932378
0 1.0 0.022872997361839276 0.2004184029566695 0.00025879917184265007 0.00013990362194932378
0 1.0 0.023459046962174677 0.18335191726789857 0.00025879917184265007 0.00013990362194932378
0 1.0 0.02395949899775119 0.16877813802089447 0.00025879917184265007 0.00013990362194932378
0 1.0 0.024769061548930264 0.14520268009727283 0.00025879917184265007 0.00013990362194932378
0 1.0 0.02843232849755166 0.035227322410980165 0.00025879917184265007 0.00013990362194932378
0 1.0 0.028236354997345746 0.040590500481799505 0.00025879917184265007 0.00013990362194932378
0 1.0 0.027926431457498613 0.0490681666049247 0.00025879917184265007 0.00013990362194932378
0 1.0 0.028083085237123204 0.04478352240062269 0.00025879917184265007 0.00013990362194932378
0 1.0 0.028012493805666144 0.04671290258792485 0.00025879917184265007 0.00013990362194932378
0 1.0 0.028610290654554393 0.028961836912020596 0.00025879917184265007 0.00013990362194932378
0 1.0 0.028559504347615738 0.030310553678860926 0.00025879917184265007 0.00013990362194932378
0 1.0 0.026983355422121377 0.07488105713523534 0.00025879917184265007 0.00013990362194932378
0 1.0 0.027396623576988802 0.061179528005534584 0.00025879917184265007 0.00013990362194932378
0 1.0 0.02550260918839025 0.11540543627324663 0.00025879917184265007 0.00013990362194932378
0 1.0 0.02629433599412494 0.10078375074782889 0.00025879917184265007 0.00013990362194932378
0 1.0 0.022767318451088658 0.18407642477767935 0.00025879917184265007 0.00013990362194932378
0 1.0 0.02044019433623492 0.24585505424931417 0.00025879917184265007 0.00013990362194932378
0 1.0 0.026783185063717352 0.08654781593613926 0.00025879917184265007 0.00013990362194932378
0 1.0 0.027165969239009487 0.07540063185548056 0.00025879917184265007 0.00013990362194932378
0 1.0 0.027563451356804283 0.06382448573816002 0.00025879917184265007 0.00013990362194932378
0 1.0 0.02780161213207409 0.056890485961371126 0.00025879917184265007 0.00013990362194932378
0 1.0 0.028007552474454186 0.05089457716204136 0.00025879917184265007 0.00013990362194932378
0 1.0 0.028547265083841738 0.03208186969171943 0.00025879917184265007 0.00013990362194932378
0 1.0 0.028485249859366082 0.03377903125496782 0.00025879917184265007 0.00013990362194932378
0 1.0 0.41994647849058564 -21.653314240151897 0.00025879917184265007 0.00013990362194932378
0 1.0 0.008318350763102585 1.8813491310365313 0.00025879917184265007 0.00013990362194932378
0 1.0 0.01668800282927217 1.3667265401957112 0.00025879917184265007 0.00013990362194932378
0 1.0 0.024126471489795617 0.9093593780122438 0.00025879917184265007 0.00013990362194932378
0 1.0 0.06663890049382971 -1.4522070331043344 0.00025879917184265007 0.00013990362194932378
0 1.0 0.05978911516621348 -1.0850080516107572 0.00025879917184265007 0.00013990362194932378
0 1.0 0.05986601643813723 -1.1831440728465965 0.00025879917184265007 0.00013990362194932378
0 1.0 0.09619672059945199 -3.248660043668345 0.00025879917184265007 0.00013990362194932378
0 1.0 0.003568614655025386 2.0159802714397204 0.00025879917184265007 0.00013990362194932378
0 1.0 0.020025847327876427 1.0792932836646911 0.00025879917184265007 0.00013990362194932378
0 1.0 0.07145857941416044 -1.842336415984975 0.00025879917184265007 0.00013990362194932378
0 1.0 0.02329404939499055 0.8932788782941429 0.00025879917184265007 0.00013990362194932378
0 1.0 0.028825491277592256 0.5784685467048938 0.00025879917184265007 0.00013990362194932378
0 1.0 0.03477640335453415 0.2269587551662299 0.00025879917184265007 0.00013990362194932378
0 1.0 0.0343540170816096 0.24929506418552305 0.00025879917184265007 0.00013990362194932378
0 1.0 0.03408387108360537 0.2635807189961515 0.00025879917184265007 0.00013990362194932378
0 1.0 0.03197352194265722 0.37519110493279517 0.00025879917184265007 0.00013990362194932378
0 1.0 0.031362392874758976 0.40751623966089656 0.00025879917184265007 0.00013990362194932378
0 1.0 0.030535837498375438 0.4512361595686897 0.00025879917184265007 0.00013990362194932378
0 1.0 0.029429772193447837 0.5097405113954288 0.00025879917184265007 0.00013990362194932378
0 1.0 0.017361352356432696 1.1478852538928004 0.00025879917184265007 0.00013990362194932378
0 1.0 0.45072719407611506 -21.73044464602394 0.00025879917184265007 0.00013990362194932378
0 1.0 0.02975695543111895 0.5254512948105683 0.00025879917184265007 0.00013990362194932378
0 1.0 0.03051608589975907 0.48224296400774685 0.00025879917184265007 0.00013990362194932378
0 1.0 0.0328712539018832 0.34819106866715477 0.00025879917184265007 0.00013990362194932378
0 1.0 0.03317417631469523 0.3309516784616777 0.00025879917184265007 0.00013990362194932378
0 1.0 0.03368363884194816 0.30199349907003936 0.00025879917184265007 0.00013990362194932378
0 1.0 0.03427273892964475 0.2684892854630724 0.00025879917184265007 0.00013990362194932378
0 1.0 0.03527026029343809 0.2117150901494179 0.00025879917184265007 0.00013990362194932378
0 1.0 0.035230583137201406 0.20294116599191697 0.00025879917184265007 0.00013990362194932378
0 1.0 0.02677740773737781 0.6950185451061461 0.00025879917184265007 0.00013990362194932378
0 1.0 0.031146653980183837 0.4463521713993263 0.00025879917184265007 0.00013990362194932378
0 1.0 0.025493125670101886 0.717912429449552 0.00025879917184265007 0.00013990362194932378
0 1.0 0.10629673940682219 -3.3016605453101366 0.00025879917184265007 0.00013990362194932378
0 1.0 0.06229580856148799 -1.1255264842711872 0.00025879917184265007 0.00013990362194932378
0 1.0 0.03252743943746279 0.36776036502287157 0.00025879917184265007 0.00013990362194932378
0 1.0 0.033443199581168634 0.315660222084959 0.00025879917184265007 0.00013990362194932378
0 1.0 0.034095195871433004 0.27859419612400005 0.00025879917184265007 0.00013990362194932378
0 1.0 0.03443541393464253 0.259230594028865 0.00025879917184265007 0.00013990362194932378
0 1.0 0.03494611033647632 0.21798443986676172 0.00025879917184265007 0.00013990362194932378
0 1.0 0.03456145622860324 0.23832542528635414 0.00025879917184265007 0.00013990362194932378
0 1.0 0.03310140241481066 0.3155338357799567 0.00025879917184265007 0.00013990362194932378
0 1.0 0.027680737349305266 0.60223945305213 0.00025879917184265007 0.00013990362194932378
0 1.0 0.0286175311730375 0.030158907922393476 0.00025879917184265007 0.00013990362194932378
0 1.0 0.02858524698905769 0.03104242445586816 0.00025879917184265007 0.00013990362194932378
0 1.0 0.028377160266131757 0.03673710331832841 0.00025879917184265007 0.00013990362194932378
0 1.0 0.028313242803259482 0.03848632316110726 0.00025879917184265007 0.00013990362194932378
0 1.0 0.028152685262682386 0.04288027785305786 0.00025879917184265007 0.00013990362194932378
0 1.0 0.02773847826203391 0.05421261229323667 0.00025879917184265007 0.00013990362194932378
0 1.0 0.02759946813977894 0.058017442651657536 0.00025879917184265007 0.00013990362194932378
0 1.0 0.027325819081095333 0.06550746771633113 0.00025879917184265007 0.00013990362194932378
0 1.0 0.028486498750747543 0.032249341484169546 0.00025879917184265007 0.00013990362194932378
0 1.0 0.026596711969100177 0.0854624935666432 0.00025879917184265007 0.00013990362194932378
0 1.0 0.026141008389886658 0.09793392795233949 0.00025879917184265007 0.00013990362194932378
0 1.0 0.024417105902240693 0.14511361197037978 0.00025879917184265007 0.00013990362194932378
0 1.0 0.02317598933406292 0.1790796774337248 0.00025879917184265007 0.00013990362194932378
0 1.0 0.02210559574034918 0.20837350833391668 0.00025879917184265007 0.00013990362194932378
0 1.0 0.020614752346084723 0.24917393403408322 0.00025879917184265007 0.00013990362194932378
0 1.0 0.018309646660025644 0.3126494150512675 0.00025879917184265007 0.00013990362194932378
0 1.0 0.012654881442206058 0.469470035217419 0.00025879917184265007 0.00013990362194932378
0 1.0 -0.0532464870860791 2.2263849419273893 0.00025879917184265007 0.00013990362194932378
0 1.0 0.26676364666586116 -6.3772026505881945 0.00025879917184265007 0.00013990362194932378
0 1.0 0.022876154467800114 0.19365231424308862 0.00025879917184265007 0.00013990362194932378
0 1.0 0.0278776482021507 0.052492194706754154 0.00025879917184265007 0.00013990362194932378
0 1.0 0.0283034300593166 0.040478286523396856 0.00025879917184265007 0.00013990362194932378
0 1.0 0.028537632015330983 0.03386784155577898 0.00025879917184265007 0.00013990362194932378
0 1.0 0.028708866070187494 0.029034691075423832 0.00025879917184265007 0.00013990362194932378
0 1.0 0.028687149148019054 0.028253682999822036 0.00025879917184265007 0.00013990362194932378
0 1.0 -0.444571131500914 14.475896243660594 0.00025879917184265007 0.00013990362194932378
0 1.0 -0.041974970035728275 2.186145403145402 0.00025879917184265007 0.00013990362194932378
0 1.0 -0.008854091414401435 1.1750892013334724 0.00025879917184265007 0.00013990362194932378
0 1.0 0.0034314022800377964 0.8000591565663019 0.00025879917184265007 0.00013990362194932378
0 1.0 0.009837715019926592 0.6044984560044333 0.00025879917184265007 0.00013990362194932378
0 1.0 0.013770181509261747 0.48445500311427564 0.00025879917184265007 0.00013990362194932378
0 1.0 0.016429877618446064 0.40326445630328883 0.00025879917184265007 0.00013990362194932378
0 1.0 0.01834863042339134 0.3446921296037549 0.00025879917184265007 0.00013990362194932378
0 1.0 0.032133831924267234 0.3901637914946014 0.00025879917184265007 0.00013990362194932378
0 1.0 0.031678773974458084 0.4160648654760351 0.00025879917184265007 0.00013990362194932378
0 1.0 -0.0058330833728410325 2.373622240391531 0.00025879917184265007 0.00013990362194932378
0 1.0 0.03389982171195296 0.28970552498732677 0.00025879917184265007 0.00013990362194932378
0 1.0 0.03473587736410014 0.2421296375503315 0.00025879917184265007 0.00013990362194932378
0 1.0 0.035384540225397505 0.19820244961125388 0.00025879917184265007 0.00013990362194932378
0 1.0 0.035081458197635855 0.21082707741029047 0.00025879917184265007 0.00013990362194932378
0 1.0 0.022028950721996 0.9010829421222082 0.00025879917184265007 0.00013990362194932378
0 1.0 0.03377585503338134 0.2798688342031988 0.00025879917184265007 0.00013990362194932378
0 1.0 0.03344519373241403 0.2973541778665751 0.00025879917184265007 0.00013990362194932378
0 1.0 0.03259337878171004 0.34240432242312385 0.00025879917184265007 0.00013990362194932378
0 1.0 0.04064622955310039 -0.29103105853843114 0.00025879917184265007 0.00013990362194932378
0 1.0 0.03961396505250914 -0.26375811089023415 0.00025879917184265007 0.00013990362194932378
0 1.0 0.03876838411348028 -0.24141743689704778 0.00025879917184265007 0.00013990362194932378
0 1.0 0.03806304239810146 -0.2227819537756208 0.00025879917184265007 0.00013990362194932378
0 1.0 0.03746571661894661 -0.20700030605405517 0.00025879917184265007 0.00013990362194932378
