0 1.0 0.02860351109539022 0.029141879637465142 0.00025879917184265007 0.00013990362194932378
0 1.0 0.028238997242852115 0.038822165019459384 0.00025879917184265007 0.00013990362194932378
0 1.0 0.1626413698056262 -7.599159335871143 0.00025879917184265007 0.00013990362194932378
0 1.0 0.10517872583773585 -4.424166945291111 0.00025879917184265007 0.00013990362194932378
0 1.0 0.02634328425906843 0.0923981578917577 0.00025879917184265007 0.00013990362194932378
0 1.0 0.025573463348999945 0.11346631580962248 0.00025879917184265007 0.00013990362194932378
0 1.0 0.02173633011675915 0.218479328098 0.00025879917184265007 0.00013990362194932378
0 1.0 0.006500963778258321 0.6401333868046023 0.00025879917184265007 0.00013990362194932378
0 1.0 0.07136483629217814 -1.1669268705702995 0.00025879917184265007 0.00013990362194932378
0 1.0 0.05179546437228874 -0.6636823802218939 0.00025879917184265007 0.00013990362194932378
0 1.0 0.05475988285878449 -0.8862677929751135 0.00025879917184265007 0.00013990362194932378
0 1.0 0.19299528918664702 -8.751503329688628 0.00025879917184265007 0.00013990362194932378
0 1.0 -0.018531362622851218 1.4229110969591483 0.00025879917184265007 0.00013990362194932378
0 1.0 -0.00040060107598692535 0.8871510542748122 0.00025879917184265007 0.00013990362194932378
0 1.0 0.025964835461374566 0.1103793661069382 0.00025879917184265007 0.00013990362194932378
0 1.0 0.02699209605914051 0.08046405001065844 0.00025879917184265007 0.00013990362194932378
0 1.0 0.027619834835598343 0.0621828928732996 0.00025879917184265007 0.00013990362194932378
0 1.0 0.02786119577952794 0.05515572087389089 0.00025879917184265007 0.00013990362194932378
0 1.0 0.028241695041647922 0.04407526433883616 0.00025879917184265007 0.00013990362194932378
0 1.0 0.028429451450050006 0.03860743085270998 0.00025879917184265007 0.00013990362194932378
0 1.0 0.028663789981514975 0.03178320654478966 0.00025879917184265007 0.00013990362194932378
0 1.0 0.028739205819863257 0.02958700520290532 0.00025879917184265007 0.00013990362194932378
0 1.0 0.007547380382717353 0.6522899385647493 0.00025879917184265007 0.00013990362194932378
0 1.0 0.012232049845930104 0.5138589793860388 0.00025879917184265007 0.00013990362194932378
0 1.0 0.015309552152119819 0.42291945857972735 0.00025879917184265007 0.00013990362194932378
0 1.0 0.01749119388734505 0.35845242192685384 0.00025879917184265007 0.00013990362194932378
0 1.0 0.021338403022859075 0.24510767893140947 0.00025879917184265007 0.00013990362194932378
0 1.0 0.02218132720129667 0.2205606893595523 0.00025879917184265007 0.00013990362194932378
0 1.0 0.02291820390318801 0.1991019328310601 0.00025879917184265007 0.00013990362194932378
0 1.0 0.023828279392640272 0.1725994144306563 0.00025879917184265007 0.00013990362194932378
0 1.0 0.025211492669864714 0.13231854129848622 0.00025879917184265007 0.00013990362194932378
0 1.0 0.026530881825621876 0.09389522165647766 0.00025879917184265007 0.00013990362194932378
0 1.0 0.0244715963539095 0.1436223529734691 0.00025879917184265007 0.00013990362194932378
0 1.0 0.021888847484553657 0.2073973692845715 0.00025879917184265007 0.00013990362194932378
0 1.0 0.02044019433623492 0.24585505424931417 0.00025879917184265007 0.00013990362194932378
0 1.0 0.02812726274416517 0.047409238392401666 0.00025879917184265007 0.00013990362194932378
0 1.0 0.02849270018956766 0.03513606051755748 0.00025879917184265007 0.00013990362194932378
0 1.0 0.02870095343406753 0.02809973314211876 0.00025879917184265007 0.00013990362194932378
0 1.0 0.02860418952967517 0.030524026721794415 0.00025879917184265007 0.00013990362194932378
0 1.0 0.02850519567521553 0.033233177034596516 0.00025879917184265007 0.00013990362194932378
0 1.0 0.028457647688307646 0.03453441582671902 0.00025879917184265007 0.00013990362194932378
0 1.0 0.027635310120653334 0.057036415840626395 0.00025879917184265007 0.00013990362194932378
0 1.0 0.027128001015763764 0.07092196111353373 0.00025879917184265007 0.00013990362194932378
0 1.0 0.10879938908131531 -3.678207014313594 0.00025879917184265007 0.00013990362194932378
0 1.0 -0.005465552247549955 2.7288763428202665 0.00025879917184265007 0.00013990362194932378
0 1.0 0.010954572743745753 1.7192564448669652 0.00025879917184265007 0.00013990362194932378
0 1.0 0.01945084636286831 1.19684830796977 0.00025879917184265007 0.00013990362194932378
0 1.0 0.024126471489795617 0.9093593780122438 0.00025879917184265007 0.00013990362194932378
0 1.0 0.0653521765296658 -1.3834623307173013 0.00025879917184265007 0.00013990362194932378
0 1.0 0.06323541491616136 -1.3748627104529145 0.00025879917184265007 0.00013990362194932378
0 1.0 0.08211559990428491 -2.4481709289223748 0.00025879917184265007 0.00013990362194932378
0 1.0 -0.055136419743653804 5.3543861319502515 0.00025879917184265007 0.00013990362194932378
0 1.0 0.011433939337763158 1.568314042772989 0.00025879917184265007 0.00013990362194932378
0 1.0 0.01802691280181718 1.1930655075369783 0.00025879917184265007 0.00013990362194932378
0 1.0 0.02212566163942764 0.9597793421975795 0.00025879917184265007 0.00013990362194932378
0 1.0 -0.06528052327031038 6.405049699947628 0.00025879917184265007 0.00013990362194932378
0 1.0 0.02501674518220528 0.795229178210553 0.00025879917184265007 0.00013990362194932378
0 1.0 0.029756365796017748 0.5254848557721635 0.00025879917184265007 0.00013990362194932378
0 1.0 0.028720375382525105 0.5472623577799542 0.00025879917184265007 0.00013990362194932378
0 1.0 -0.016280314932410528 2.925434183553019 0.00025879917184265007 0.00013990362194932378
0 1.0 0.10798900887640588 -3.384941742252761 0.00025879917184265007 0.00013990362194932378
0 1.0 0.030515592793742632 0.4822710307087424 0.00025879917184265007 0.00013990362194932378
0 1.0 0.031146280127227005 0.4463734504322473 0.00025879917184265007 0.00013990362194932378
0 1.0 0.03539418269471244 0.19848239028425146 0.00025879917184265007 0.00013990362194932378
0 1.0 0.03522170496578763 0.20341065468730324 0.00025879917184265007 0.00013990362194932378
0 1.0 0.03493838207860181 0.21839311971061928 0.00025879917184265007 0.00013990362194932378
0 1.0 0.03439652844716755 0.2470470105464692 0.00025879917184265007 0.00013990362194932378
0 1.0 0.03359578490378978 0.28939092853418324 0.00025879917184265007 0.00013990362194932378
0 1.0 0.032825098971292356 0.33014768672875133 0.00025879917184265007 0.00013990362194932378
0 1.0 0.028824767300410056 0.5785097541743263 0.00025879917184265007 0.00013990362194932378
0 1.0 0.03173490463802666 0.412870009809133 0.00025879917184265007 0.00013990362194932378
0 1.0 0.03528604562746895 0.2108166636395817 0.00025879917184265007 0.00013990362194932378
0 1.0 0.035087925764115235 0.21048506448812337 0.00025879917184265007 0.00013990362194932378
0 1.0 0.034593572106817363 0.2366270978874778 0.00025879917184265007 0.00013990362194932378
0 1.0 0.03412998490657202 0.26114216294954334 0.00025879917184265007 0.00013990362194932378
0 1.0 0.03127935196391853 0.4119086156283725 0.00025879917184265007 0.00013990362194932378
0 1.0 0.02298328508540856 0.850621889425376 0.00025879917184265007 0.00013990362194932378
0 1.0 0.026332207846986564 0.09611413694029455 0.00025879917184265007 0.00013990362194932378
0 1.0 0.02730676330060654 0.06860419405473332 0.00025879917184265007 0.00013990362194932378
0 1.0 0.0280074569321521 0.0468505686440361 0.00025879917184265007 0.00013990362194932378
0 1.0 0.027862550382126528 0.05081664830511683 0.00025879917184265007 0.00013990362194932378
0 1.0 0.02399890201649333 0.1565587420448062 0.00025879917184265007 0.00013990362194932378
0 1.0 0.019086701784782934 0.2911945552596831 0.00025879917184265007 0.00013990362194932378
0 1.0 0.006854766032327338 0.6105411261031463 0.00025879917184265007 0.00013990362194932378
0 1.0 -0.552195630551616 15.640812196734096 0.00025879917184265007 0.00013990362194932378
0 1.0 0.028697564218157983 0.029353690421734226 0.00025879917184265007 0.00013990362194932378
0 1.0 0.028647050806340526 0.02935104844229513 0.00025879917184265007 0.00013990362194932378
0 1.0 0.028555865795708797 0.03184649527002274 0.00025879917184265007 0.00013990362194932378
0 1.0 0.02839307949021057 0.03630144424506493 0.00025879917184265007 0.00013990362194932378
0 1.0 0.02833359063368704 0.0379294670666702 0.00025879917184265007 0.00013990362194932378
0 1.0 0.02825708184772021 0.04002327180400011 0.00025879917184265007 0.00013990362194932378
0 1.0 0.02818645264202403 0.04195617092939786 0.00025879917184265007 0.00013990362194932378
0 1.0 0.028121610511480457 0.04373056314592242 0.00025879917184265007 0.00013990362194932378
0 1.0 -0.444571131500914 14.475896243660594 0.00025879917184265007 0.00013990362194932378
0 1.0 -0.041974970035728275 2.186145403145402 0.00025879917184265007 0.00013990362194932378
0 1.0 -0.008854091414401435 1.1750892013334724 0.00025879917184265007 0.00013990362194932378
0 1.0 0.0034314022800377964 0.8000591565663019 0.00025879917184265007 0.00013990362194932378
0 1.0 0.009837715019926592 0.6044984560044333 0.00025879917184265007 0.00013990362194932378
0 1.0 0.013770181509261747 0.48445500311427564 0.00025879917184265007 0.00013990362194932378
0 1.0 0.016429877618446064 0.40326445630328883 0.00025879917184265007 0.00013990362194932378
0 1.0 0.01834863042339134 0.3446921296037549 0.00025879917184265007 0.00013990362194932378
0 1.0 0.03464162356574046 0.24749411770219115 0.00025879917184265007 0.00013990362194932378
0 1.0 0.03352216814759601 0.3111715977199147 0.00025879917184265007 0.00013990362194932378
0 1.0 0.034778237568726084 0.22686175964903493 0.00025879917184265007 0.00013990362194932378
0 1.0 0.033865996725593255 0.2751021485883042 0.00025879917184265007 0.00013990362194932378
0 1.0 0.033206269171585416 0.3099884899057762 0.00025879917184265007 0.00013990362194932378
0 1.0 0.032258127435579126 0.3601371476162186 0.00025879917184265007 0.00013990362194932378
0 1.0 0.05846706490130394 -1.013199288665204 0.00025879917184265007 0.00013990362194932378
0 1.0 0.07494179803768894 -1.7573631497371802 0.00025879917184265007 0.00013990362194932378
0 1.0 0.061168280248587975 -1.0688453941155238 0.00025879917184265007 0.00013990362194932378
0 1.0 0.04064622955310039 -0.29103105853843114 0.00025879917184265007 0.00013990362194932378
0 1.0 0.03961396505250914 -0.26375811089023415 0.00025879917184265007 0.00013990362194932378
0 1.0 0.03876838411348028 -0.24141743689704778 0.00025879917184265007 0.00013990362194932378
0 1.0 0.03806304239810146 -0.2227819537756208 0.00025879917184265007 0.00013990362194932378
0 1.0 0.03746571661894661 -0.20700030605405517 0.00025879917184265007 0.00013990362194932378
