0 1.0 0.027876421852757013 0.048444920885849 0.00025879917184265007 0.00013990362194932378
0 1.0 0.027303764187878134 0.0661111338855475 0.00025879917184265007 0.00013990362194932378
0 1.0 0.01209388088336901 0.485027967715332 0.00025879917184265007 0.00013990362194932378
0 1.0 -0.04566362463746961 2.0867863937743207 0.00025879917184265007 0.00013990362194932378
0 1.0 0.060139217897064355 -0.86455797063141 0.00025879917184265007 0.00013990362194932378
0 1.0 0.05218313945446502 -0.7345095588796703 0.00025879917184265007 0.00013990362194932378
0 1.0 0.05893056637872249 -1.1290754402543315 0.00025879917184265007 0.00013990362194932378
0 1.0 0.07658420708539594 -2.1337201237088106 0.00025879917184265007 0.00013990362194932378
0 1.0 0.10874906381675628 -4.287581388832082 0.00025879917184265007 0.00013990362194932378
0 1.0 0.09218811196960636 -3.5570667545288814 0.00025879917184265007 0.00013990362194932378
0 1.0 -0.018531362622851218 1.4229110969591483 0.00025879917184265007 0.00013990362194932378
0 1.0 -0.00040060107598692535 0.8871510542748122 0.00025879917184265007 0.00013990362194932378
0 1.0 0.027678739045357507 0.060467909468247746 0.00025879917184265007 0.00013990362194932378
0 1.0 0.02807789884520438 0.04884645769935004 0.00025879917184265007 0.00013990362194932378
0 1.0 0.028420642704540984 0.03886395228283545 0.00025879917184265007 0.00013990362194932378
0 1.0 0.028601072923642817 0.033609603886177834 0.00025879917184265007 0.00013990362194932378
0 1.0 0.028723656644746878 0.030039816177413078 0.00025879917184265007 0.00013990362194932378
0 1.0 0.02875975361255095 0.028988628378331 0.00025879917184265007 0.00013990362194932378
0 1.0 0.007547380382717353 0.6522899385647493 0.00025879917184265007 0.00013990362194932378
0 1.0 0.012232049845930104 0.5138589793860388 0.00025879917184265007 0.00013990362194932378
0 1.0 0.015309552152119819 0.42291945857972735 0.00025879917184265007 0.00013990362194932378
0 1.0 0.022182562200211878 0.22052472467106843 0.00025879917184265007 0.00013990362194932378
0 1.0 0.02391564162350146 0.17005531873998675 0.00025879917184265007 0.00013990362194932378
0 1.0 0.025079531087989715 0.13616142498486436 0.00025879917184265007 0.00013990362194932378
0 1.0 0.026587855527665797 0.09223607170871548 0.00025879917184265007 0.00013990362194932378
0 1.0 0.027065533756054454 0.07832544664406256 0.00025879917184265007 0.00013990362194932378
0 1.0 0.027459553653400703 0.06429465324103016 0.00025879917184265007 0.00013990362194932378
0 1.0 0.027726488014997865 0.05675932004057786 0.00025879917184265007 0.00013990362194932378
0 1.0 0.028686807311436212 0.029657308466246868 0.00025879917184265007 0.00013990362194932378
0 1.0 0.02869140136464948 0.02815470521244438 0.00025879917184265007 0.00013990362194932378
0 1.0 0.028599224915766015 0.03065989258335054 0.00025879917184265007 0.00013990362194932378
0 1.0 0.0284991914284405 0.03339749437649114 0.00025879917184265007 0.00013990362194932378
0 1.0 0.028381754900986798 0.036611362619346006 0.00025879917184265007 0.00013990362194932378
0 1.0 0.02831538119857335 0.038427802009818685 0.00025879917184265007 0.00013990362194932378
0 1.0 0.02528519096192637 0.12135568857280392 0.00025879917184265007 0.00013990362194932378
0 1.0 0.023521380140957563 0.16962724801797285 0.00025879917184265007 0.00013990362194932378
0 1.0 0.06877764162112508 -1.5652402270743013 0.00025879917184265007 0.00013990362194932378
0 1.0 0.007979549720166476 1.9021809014753628 0.00025879917184265007 0.00013990362194932378
0 1.0 0.01665480690840022 1.3687676490338532 0.00025879917184265007 0.00013990362194932378
0 1.0 0.021369483292549223 1.0788775847151815 0.00025879917184265007 0.00013990362194932378
0 1.0 0.02487119337787365 0.8635688595452121 0.00025879917184265007 0.00013990362194932378
0 1.0 0.05774590579315762 -0.9740286573984314 0.00025879917184265007 0.00013990362194932378
0 1.0 0.15512310751875885 -6.598530577510468 0.00025879917184265007 0.00013990362194932378
0 1.0 -0.2171129351442754 14.562491099560148 0.00025879917184265007 0.00013990362194932378
0 1.0 0.003651843446282805 2.011243185483125 0.00025879917184265007 0.00013990362194932378
0 1.0 0.013904836363125072 1.427679396730299 0.00025879917184265007 0.00013990362194932378
0 1.0 0.019439977565643127 1.1126389009822415 0.00025879917184265007 0.00013990362194932378
0 1.0 0.02290453834448591 0.9154484580682717 0.00025879917184265007 0.00013990362194932378
0 1.0 -0.06354860989744132 6.298612766924251 0.00025879917184265007 0.00013990362194932378
0 1.0 0.02528345317138469 0.7800491107006536 0.00025879917184265007 0.00013990362194932378
0 1.0 0.029756497917008358 0.5254773356847721 0.00025879917184265007 0.00013990362194932378
0 1.0 0.09097306695736292 -2.7370580396465924 0.00025879917184265007 0.00013990362194932378
0 1.0 0.030594211829835537 0.4777961776245467 0.00025879917184265007 0.00013990362194932378
0 1.0 0.03188021356882399 0.4045992887541051 0.00025879917184265007 0.00013990362194932378
0 1.0 0.0350743480487453 0.21120307088586654 0.00025879917184265007 0.00013990362194932378
0 1.0 0.03494348354728059 0.2181233477313533 0.00025879917184265007 0.00013990362194932378
0 1.0 0.03459899632470335 0.23634025853057766 0.00025879917184265007 0.00013990362194932378
0 1.0 0.033888596031461965 0.2739070990662932 0.00025879917184265007 0.00013990362194932378
0 1.0 0.032439307840576255 0.3505537693917691 0.00025879917184265007 0.00013990362194932378
0 1.0 0.024822467129230842 0.7533739377740161 0.00025879917184265007 0.00013990362194932378
0 1.0 0.028824767300410056 0.5785097541743263 0.00025879917184265007 0.00013990362194932378
0 1.0 0.034714313537496294 0.24335694851103107 0.00025879917184265007 0.00013990362194932378
0 1.0 0.035204480617157724 0.20432149956630508 0.00025879917184265007 0.00013990362194932378
0 1.0 0.03478532206613997 0.2264871226553018 0.00025879917184265007 0.00013990362194932378
0 1.0 0.03417343161151026 0.25884464740612534 0.00025879917184265007 0.00013990362194932378
0 1.0 0.033528498307944875 0.2929490384455811 0.00025879917184265007 0.00013990362194932378
0 1.0 -0.4357270652782918 25.070320620055732 0.00025879917184265007 0.00013990362194932378
0 1.0 0.07764692493824649 -1.8917250214401184 0.00025879917184265007 0.00013990362194932378
0 1.0 0.02799850019628163 0.04908064424818109 0.00025879917184265007 0.00013990362194932378
0 1.0 0.02846475651105929 0.03592478214958793 0.00025879917184265007 0.00013990362194932378
0 1.0 0.02694876844761155 0.07582761363133186 0.00025879917184265007 0.00013990362194932378
0 1.0 0.02638859593611583 0.09115809388309264 0.00025879917184265007 0.00013990362194932378
0 1.0 -0.050177908040123426 2.143885090135501 0.00025879917184265007 0.00013990362194932378
0 1.0 0.26676364666586116 -6.3772026505881945 0.00025879917184265007 0.00013990362194932378
0 1.0 0.028651166164851395 0.02923842402881165 0.00025879917184265007 0.00013990362194932378
0 1.0 0.02855343677481574 0.031912969928961234 0.00025879917184265007 0.00013990362194932378
0 1.0 0.02844368125237214 0.03491663323294042 0.00025879917184265007 0.00013990362194932378
0 1.0 0.02824205256249617 0.04043457605099784 0.00025879917184265007 0.00013990362194932378
0 1.0 0.028150954188093838 0.04292765191772743 0.00025879917184265007 0.00013990362194932378
0 1.0 0.028038953955196875 0.04598970308334062 0.00025879917184265007 0.00013990362194932378
0 1.0 0.027808463024164377 0.05229706727204435 0.00025879917184265007 0.00013990362194932378
0 1.0 0.027575065044893692 0.05868537700602435 0.00025879917184265007 0.00013990362194932378
0 1.0 -0.444571131500914 14.475896243660594 0.00025879917184265007 0.00013990362194932378
0 1.0 -0.041974970035728275 2.186145403145402 0.00025879917184265007 0.00013990362194932378
0 1.0 -0.008854091414401435 1.1750892013334724 0.00025879917184265007 0.00013990362194932378
0 1.0 0.0034314022800377964 0.8000591565663019 0.00025879917184265007 0.00013990362194932378
0 1.0 0.009837715019926592 0.6044984560044333 0.00025879917184265007 0.00013990362194932378
0 1.0 0.013770181509261747 0.48445500311427564 0.00025879917184265007 0.00013990362194932378
0 1.0 0.016429877618446064 0.40326445630328883 0.00025879917184265007 0.00013990362194932378
0 1.0 0.01834863042339134 0.3446921296037549 0.00025879917184265007 0.00013990362194932378
0 1.0 0.035333049448558564 0.19752262059579542 0.00025879917184265007 0.00013990362194932378
0 1.0 0.03533944184834365 0.20777760344199137 0.00025879917184265007 0.00013990362194932378
0 1.0 0.03439356671385027 0.24720363067086312 0.00025879917184265007 0.00013990362194932378
0 1.0 0.03308932107615864 0.3161726960204097 0.00025879917184265007 0.00013990362194932378
0 1.0 0.030647693906055616 0.4453196132311092 0.00025879917184265007 0.00013990362194932378
0 1.0 0.011097262432460602 1.479103099408643 0.00025879917184265007 0.00013990362194932378
0 1.0 0.06250690587623643 -1.1361383915660905 0.00025879917184265007 0.00013990362194932378
0 1.0 0.04064622955310039 -0.29103105853843114 0.00025879917184265007 0.00013990362194932378
0 1.0 0.03961396505250914 -0.26375811089023415 0.00025879917184265007 0.00013990362194932378
0 1.0 0.03876838411348028 -0.24141743689704778 0.00025879917184265007 0.00013990362194932378
0 1.0 0.03806304239810146 -0.2227819537756208 0.00025879917184265007 0.00013990362194932378
0 1.0 0.03746571661894661 -0.20700030605405517 0.00025879917184265007 0.00013990362194932378
