0 1.0 0.05193240007207479 -0.6664396339132909 0.00025879917184265007 0.00013990362194932378
0 1.0 0.06622458611482301 -1.5447922962040033 0.00025879917184265007 0.00013990362194932378
0 1.0 0.08586629961887791 -2.8814797961364267 0.00025879917184265007 0.00013990362194932378
0 1.0 0.1674583775311774 -7.895155141987645 0.00025879917184265007 0.00013990362194932378
0 1.0 0.09135703862492865 -3.501594098423255 0.00025879917184265007 0.00013990362194932378
0 1.0 0.02113333977127775 0.2510967144871732 0.00025879917184265007 0.00013990362194932378
0 1.0 0.025096209642798305 0.13567572494038452 0.00025879917184265007 0.00013990362194932378
0 1.0 0.02622599543976114 0.10277393917352386 0.00025879917184265007 0.00013990362194932378
0 1.0 0.027615667353428647 0.062304228220825625 0.00025879917184265007 0.00013990362194932378
0 1.0 0.028349600182660768 0.04093279730665722 0.00025879917184265007 0.00013990362194932378
0 1.0 0.02860077088111064 0.033618399733694626 0.00025879917184265007 0.00013990362194932378
0 1.0 0.028712634774999815 0.030360786488938064 0.00025879917184265007 0.00013990362194932378
0 1.0 0.02875975361255095 0.028988628378331 0.00025879917184265007 0.00013990362194932378
0 1.0 0.028465537921949852 0.03431848495851991 0.00025879917184265007 0.00013990362194932378
0 1.0 0.028338848889491185 0.037785565150391165 0.00025879917184265007 0.00013990362194932378
0 1.0 0.027822097107853876 0.05192389030701784 0.00025879917184265007 0.00013990362194932378
0 1.0 0.02742120458665436 0.06289667423368768 0.00025879917184265007 0.00013990362194932378
0 1.0 0.02667709054542585 0.08326273875587042 0.00025879917184265007 0.00013990362194932378
0 1.0 0.025253801943103536 0.12221473606145777 0.00025879917184265007 0.00013990362194932378
0 1.0 0.023269741757737904 0.17073849273474312 0.00025879917184265007 0.00013990362194932378
0 1.0 0.021201994148837045 0.22563140220862055 0.00025879917184265007 0.00013990362194932378
0 1.0 0.05486023416298467 -0.8921780193053892 0.00025879917184265007 0.00013990362194932378
0 1.0 0.08396197463646131 -2.5531343694641913 0.00025879917184265007 0.00013990362194932378
0 1.0 0.1444990439381946 -5.9945696119937635 0.00025879917184265007 0.00013990362194932378
0 1.0 -0.0015318282321496563 2.306135073854492 0.00025879917184265007 0.00013990362194932378
0 1.0 0.013904909549793659 1.4276752312061447 0.00025879917184265007 0.00013990362194932378
0 1.0 0.01944071873445236 1.112596716297061 0.00025879917184265007 0.00013990362194932378
0 1.0 0.02293107277537704 0.9139382128990047 0.00025879917184265007 0.00013990362194932378
0 1.0 0.025683645570065455 0.757271586684164 0.00025879917184265007 0.00013990362194932378
0 1.0 0.035299872768783006 0.2100296881921509 0.00025879917184265007 0.00013990362194932378
0 1.0 0.035182458251224714 0.20548606954015736 0.00025879917184265007 0.00013990362194932378
0 1.0 0.034731717620001164 0.22932179212851647 0.00025879917184265007 0.00013990362194932378
0 1.0 0.034239608881785046 0.25534511142765776 0.00025879917184265007 0.00013990362194932378
0 1.0 0.02063505381470338 0.9747861513845562 0.00025879917184265007 0.00013990362194932378
0 1.0 -0.004936728260271402 2.326270250359235 0.00025879917184265007 0.00013990362194932378
0 1.0 0.17439881964798737 -6.653149689743684 0.00025879917184265007 0.00013990362194932378
0 1.0 0.03535258307422554 0.19765039715819244 0.00025879917184265007 0.00013990362194932378
0 1.0 0.03268029833136398 0.3378067892657935 0.00025879917184265007 0.00013990362194932378
0 1.0 0.02676635570276124 0.650589559985367 0.00025879917184265007 0.00013990362194932378
0 1.0 0.3913195831065594 -18.59399217070987 0.00025879917184265007 0.00013990362194932378
0 1.0 0.06517071042148302 -1.3737672959252292 0.00025879917184265007 0.00013990362194932378
0 1.0 0.02819281943123654 0.04178193194172778 0.00025879917184265007 0.00013990362194932378
0 1.0 0.028012618743481647 0.04670948783147498 0.00025879917184265007 0.00013990362194932378
0 1.0 0.027111182531420266 0.0713823011349376 0.00025879917184265007 0.00013990362194932378
0 1.0 0.02621184621282112 0.09599527901243549 0.00025879917184265007 0.00013990362194932378
0 1.0 0.02471485859480404 0.1369649112707003 0.00025879917184265007 0.00013990362194932378
0 1.0 0.022261071737557946 0.20411854305944174 0.00025879917184265007 0.00013990362194932378
0 1.0 0.010368094255181452 0.5160840326599316 0.00025879917184265007 0.00013990362194932378
0 1.0 -0.04646095908641454 2.0439535800760913 0.00025879917184265007 0.00013990362194932378
0 1.0 0.26676364666586116 -6.3772026505881945 0.00025879917184265007 0.00013990362194932378
0 1.0 -0.444571131500914 14.475896243660594 0.00025879917184265007 0.00013990362194932378
0 1.0 -0.041974970035728275 2.186145403145402 0.00025879917184265007 0.00013990362194932378
0 1.0 -0.008854091414401435 1.1750892013334724 0.00025879917184265007 0.00013990362194932378
0 1.0 0.0034319477543700823 0.8000425052807835 0.00025879917184265007 0.00013990362194932378
0 1.0 0.009839321022685088 0.6044494307636562 0.00025879917184265007 0.00013990362194932378
0 1.0 0.013858962952089209 0.481744838646636 0.00025879917184265007 0.00013990362194932378
0 1.0 0.01723120168377598 0.3788030380185901 0.00025879917184265007 0.00013990362194932378
0 1.0 0.019604788574194155 0.3063463325810866 0.00025879917184265007 0.00013990362194932378
0 1.0 0.029746432431391273 0.4929910465241887 0.00025879917184265007 0.00013990362194932378
0 1.0 0.031449919055729074 0.402886619273466 0.00025879917184265007 0.00013990362194932378
0 1.0 0.06310076232977269 -1.1659916828735566 0.00025879917184265007 0.00013990362194932378
0 1.0 0.04064622955310039 -0.29103105853843114 0.00025879917184265007 0.00013990362194932378
0 1.0 0.03961396505250914 -0.26375811089023415 0.00025879917184265007 0.00013990362194932378
0 1.0 0.03876838411348028 -0.24141743689704778 0.00025879917184265007 0.00013990362194932378
0 1.0 0.03806301306912069 -0.22278117888918794 0.00025879917184265007 0.00013990362194932378
0 1.0 0.037465332307743814 -0.20699015235865148 0.00025879917184265007 0.00013990362194932378
