0 1.0 0.0577994439372317 -1.063697023640528 0.00025879917184265007 0.00013990362194932378
0 1.0 0.05640061697689547 -1.0708705998664516 0.00025879917184265007 0.00013990362194932378
0 1.0 0.06229902477728498 -1.4333163485870102 0.00025879917184265007 0.00013990362194932378
0 1.0 0.14615828310632867 -6.586305545131568 0.00025879917184265007 0.00013990362194932378
0 1.0 0.07539368864343608 -2.2379581112162032 0.00025879917184265007 0.00013990362194932378
0 1.0 0.09553284749959698 -3.780321855907822 0.00025879917184265007 0.00013990362194932378
0 1.0 0.028630555006438543 0.02842368257864242 0.00025879917184265007 0.00013990362194932378
0 1.0 0.027456523648160366 0.06192996018963799 0.00025879917184265007 0.00013990362194932378
0 1.0 0.027226325076315346 0.06823072573141443 0.00025879917184265007 0.00013990362194932378
0 1.0 0.02660182949260474 0.08532244011629615 0.00025879917184265007 0.00013990362194932378
0 1.0 0.02721233116150123 0.06607149516928816 0.00025879917184265007 0.00013990362194932378
0 1.0 0.0542174564755177 -0.8543213950864581 0.00025879917184265007 0.00013990362194932378
0 1.0 -0.018531362622851218 1.4229110969591483 0.00025879917184265007 0.00013990362194932378
0 1.0 -0.00040060107598692535 0.8871510542748122 0.00025879917184265007 0.00013990362194932378
0 1.0 0.024391828070252728 0.15618818330637185 0.00025879917184265007 0.00013990362194932378
0 1.0 0.02564825736171554 0.11959866387434742 0.00025879917184265007 0.00013990362194932378
0 1.0 0.025885531414801998 0.1126888360933352 0.00025879917184265007 0.00013990362194932378
0 1.0 0.02609982970550766 0.10644810195793426 0.00025879917184265007 0.00013990362194932378
0 1.0 0.026471671913871824 0.09561949300383331 0.00025879917184265007 0.00013990362194932378
0 1.0 0.026634013293545245 0.09089189620141463 0.00025879917184265007 0.00013990362194932378
0 1.0 0.026920727124971754 0.08254240825577776 0.00025879917184265007 0.00013990362194932378
0 1.0 0.027047948249583387 0.07883755997172323 0.00025879917184265007 0.00013990362194932378
0 1.0 0.027275755653250917 0.07220326891199126 0.00025879917184265007 0.00013990362194932378
0 1.0 0.02737820481365527 0.06921950570891258 0.00025879917184265007 0.00013990362194932378
0 1.0 0.007547380382717353 0.6522899385647493 0.00025879917184265007 0.00013990362194932378
0 1.0 0.027474429107075333 0.06641703758896068 0.00025879917184265007 0.00013990362194932378
0 1.0 0.027652252015201325 0.06123907365757606 0.00025879917184265007 0.00013990362194932378
0 1.0 0.027750537492271517 0.058377513120186186 0.00025879917184265007 0.00013990362194932378
0 1.0 0.028012114372865528 0.050761758470423794 0.00025879917184265007 0.00013990362194932378
0 1.0 0.028254263956719275 0.043709104670316246 0.00025879917184265007 0.00013990362194932378
0 1.0 0.02852723417070638 0.03575987857427649 0.00025879917184265007 0.00013990362194932378
0 1.0 0.028684039916949858 0.031193503687284088 0.00025879917184265007 0.00013990362194932378
0 1.0 0.028752962280347953 0.029186400268480923 0.00025879917184265007 0.00013990362194932378
0 1.0 0.012232049845930104 0.5138589793860388 0.00025879917184265007 0.00013990362194932378
0 1.0 0.015309552152119819 0.42291945857972735 0.00025879917184265007 0.00013990362194932378
0 1.0 0.01749119388734505 0.35845242192685384 0.00025879917184265007 0.00013990362194932378
0 1.0 0.02133812437693726 0.2451157934436181 0.00025879917184265007 0.00013990362194932378
0 1.0 0.02217733676852146 0.22067689567350743 0.00025879917184265007 0.00013990362194932378
0 1.0 0.022872997361839276 0.2004184029566695 0.00025879917184265007 0.00013990362194932378
0 1.0 0.023459046962174677 0.18335191726789857 0.00025879917184265007 0.00013990362194932378
0 1.0 0.02395949899775119 0.16877813802089447 0.00025879917184265007 0.00013990362194932378
0 1.0 0.024769061548930264 0.14520268009727283 0.00025879917184265007 0.00013990362194932378
0 1.0 0.02831320801859372 0.03848727510795941 0.00025879917184265007 0.00013990362194932378
0 1.0 0.028101010833305212 0.04429358630773884 0.00025879917184265007 0.00013990362194932378
0 1.0 0.027648479219938144 0.05667596591123198 0.00025879917184265007 0.00013990362194932378
0 1.0 0.027924869008570878 0.04911093221808503 0.00025879917184265007 0.00013990362194932378
0 1.0 0.027798439618279634 0.05257141678261504 0.00025879917184265007 0.00013990362194932378
0 1.0 0.02848839663606251 0.03219893991138082 0.00025879917184265007 0.00013990362194932378
0 1.0 0.027827558923280087 0.049741820522700084 0.00025879917184265007 0.00013990362194932378
0 1.0 0.02480238008858866 0.13456968034432346 0.00025879917184265007 0.00013990362194932378
0 1.0 0.024133133225309515 0.14781786670383215 0.00025879917184265007 0.00013990362194932378
0 1.0 0.022004757859547013 0.20432027336909073 0.00025879917184265007 0.00013990362194932378
0 1.0 0.02629433599412494 0.10078375074782889 0.00025879917184265007 0.00013990362194932378
0 1.0 0.026783185063717352 0.08654781593613926 0.00025879917184265007 0.00013990362194932378
0 1.0 0.02716597528950783 0.07540045565692517 0.00025879917184265007 0.00013990362194932378
0 1.0 0.02756498426083896 0.06377985556670467 0.00025879917184265007 0.00013990362194932378
0 1.0 0.027879891984281348 0.05461138489144363 0.00025879917184265007 0.00013990362194932378
0 1.0 0.02841455111535972 0.03904134680137572 0.00025879917184265007 0.00013990362194932378
0 1.0 0.028427174973719195 0.035368358142733224 0.00025879917184265007 0.00013990362194932378
0 1.0 0.028369610686412493 0.0369437115605231 0.00025879917184265007 0.00013990362194932378
0 1.0 0.7957531588525807 -43.017320940403245 0.00025879917184265007 0.00013990362194932378
0 1.0 0.008318350763102585 1.8813491310365313 0.00025879917184265007 0.00013990362194932378
0 1.0 0.01668800282927217 1.3667265401957112 0.00025879917184265007 0.00013990362194932378
0 1.0 0.024126471489795617 0.9093593780122438 0.00025879917184265007 0.00013990362194932378
0 1.0 0.06024525025099439 -1.109783581742681 0.00025879917184265007 0.00013990362194932378
0 1.0 0.0517729526340361 -0.7103514578389643 0.00025879917184265007 0.00013990362194932378
0 1.0 0.06388318004752323 -1.4116871186653295 0.00025879917184265007 0.00013990362194932378
0 1.0 0.10968833766042131 -4.0156368228201496 0.00025879917184265007 0.00013990362194932378
0 1.0 0.003568614655025386 2.0159802714397204 0.00025879917184265007 0.00013990362194932378
0 1.0 0.020025847327876427 1.0792932836646911 0.00025879917184265007 0.00013990362194932378
0 1.0 0.07599183264972513 -2.1000445876578344 0.00025879917184265007 0.00013990362194932378
0 1.0 0.02329404939499055 0.8932788782941429 0.00025879917184265007 0.00013990362194932378
0 1.0 0.028825491277592256 0.5784685467048938 0.00025879917184265007 0.00013990362194932378
0 1.0 0.034274978179553245 0.2534747391750844 0.00025879917184265007 0.00013990362194932378
0 1.0 0.03375180062295457 0.28114082954012426 0.00025879917184265007 0.00013990362194932378
0 1.0 0.033466028939744825 0.29625241373690187 0.00025879917184265007 0.00013990362194932378
0 1.0 0.03055143880510157 0.45041094216642985 0.00025879917184265007 0.00013990362194932378
0 1.0 0.029586769608702424 0.5014362711511813 0.00025879917184265007 0.00013990362194932378
0 1.0 0.027877096615079738 0.5918557793915735 0.00025879917184265007 0.00013990362194932378
0 1.0 0.024903007143168638 0.7491153319401124 0.00025879917184265007 0.00013990362194932378
0 1.0 0.10207074666992158 -3.093687914635406 0.00025879917184265007 0.00013990362194932378
0 1.0 0.02975695543111895 0.5254512948105683 0.00025879917184265007 0.00013990362194932378
0 1.0 0.03051608589975907 0.48224296400774685 0.00025879917184265007 0.00013990362194932378
0 1.0 0.032871296787214684 0.3481886277117928 0.00025879917184265007 0.00013990362194932378
0 1.0 0.03317435912488501 0.33094128741231393 0.00025879917184265007 0.00013990362194932378
0 1.0 0.03368516732305709 0.30190661921572237 0.00025879917184265007 0.00013990362194932378
0 1.0 0.03481749620340995 0.2374842794733596 0.00025879917184265007 0.00013990362194932378
0 1.0 0.03520800049844245 0.20413536388641432 0.00025879917184265007 0.00013990362194932378
0 1.0 0.03488844823203935 0.22103368333409676 0.00025879917184265007 0.00013990362194932378
0 1.0 0.02677740773737781 0.6950185451061461 0.00025879917184265007 0.00013990362194932378
0 1.0 0.031146653980183837 0.4463521713993263 0.00025879917184265007 0.00013990362194932378
0 1.0 -0.00894280130718271 2.537900137137235 0.00025879917184265007 0.00013990362194932378
0 1.0 0.06268769587273705 -1.1452267434714574 0.00025879917184265007 0.00013990362194932378
0 1.0 0.032527453184075086 0.36775958259060804 0.00025879917184265007 0.00013990362194932378
0 1.0 0.03344376664451262 0.3156279898379094 0.00025879917184265007 0.00013990362194932378
0 1.0 0.03413026196006902 0.2765984003071202 0.00025879917184265007 0.00013990362194932378
0 1.0 0.03528500160689362 0.2108760843499623 0.00025879917184265007 0.00013990362194932378
0 1.0 0.03450521349916306 0.24129961044669554 0.00025879917184265007 0.00013990362194932378
0 1.0 0.033995595451094776 0.26824884372704777 0.00025879917184265007 0.00013990362194932378
0 1.0 0.03193345738863322 0.3773102842922388 0.00025879917184265007 0.00013990362194932378
0 1.0 0.018445515730415727 1.0905594074767697 0.00025879917184265007 0.00013990362194932378
0 1.0 0.028536935021465842 0.03236457099544879 0.00025879917184265007 0.00013990362194932378
0 1.0 0.028486567586782672 0.033742969201799755 0.00025879917184265007 0.00013990362194932378
0 1.0 0.028248845108524653 0.04024868543891654 0.00025879917184265007 0.00013990362194932378
0 1.0 0.028179272407858516 0.042152671345930634 0.00025879917184265007 0.00013990362194932378
0 1.0 0.028009653462541678 0.04679053384764541 0.00025879917184265007 0.00013990362194932378
0 1.0 0.026951810087752784 0.07574437176715387 0.00025879917184265007 0.00013990362194932378
0 1.0 0.026091370013150473 0.09929240259839377 0.00025879917184265007 0.00013990362194932378
0 1.0 0.025477402818411227 0.11609527844228013 0.00025879917184265007 0.00013990362194932378
0 1.0 0.027585348837578048 0.05617046030241217 0.00025879917184265007 0.00013990362194932378
0 1.0 0.023825966328200117 0.16129153271098812 0.00025879917184265007 0.00013990362194932378
0 1.0 0.022718747258484107 0.19159317912237595 0.00025879917184265007 0.00013990362194932378
0 1.0 0.021183586175658735 0.23360646230059054 0.00025879917184265007 0.00013990362194932378
0 1.0 0.019269812252605767 0.28615061621895743 0.00025879917184265007 0.00013990362194932378
0 1.0 0.015281607960262176 0.39662441462996173 0.00025879917184265007 0.00013990362194932378
0 1.0 -0.004136500656365673 0.9351365753324447 0.00025879917184265007 0.00013990362194932378
0 1.0 1.6904607088806043 -44.653810445348014 0.00025879917184265007 0.00013990362194932378
0 1.0 0.02173047150044503 0.22598277012266133 0.00025879917184265007 0.00013990362194932378
0 1.0 0.027037502338919887 0.07620037025208194 0.00025879917184265007 0.00013990362194932378
0 1.0 0.028603328661776683 0.0320135271287051 0.00025879917184265007 0.00013990362194932378
0 1.0 0.028724960733946578 0.0285804126788538 0.00025879917184265007 0.00013990362194932378
0 1.0 0.028675773761309052 0.028564991541466925 0.00025879917184265007 0.00013990362194932378
0 1.0 0.028632490980028243 0.02974950507602839 0.00025879917184265007 0.00013990362194932378
0 1.0 0.028584040194328038 0.03107545063044411 0.00025879917184265007 0.00013990362194932378
0 1.0 -0.444571131500914 14.475896243660594 0.00025879917184265007 0.00013990362194932378
0 1.0 -0.041974970035728275 2.186145403145402 0.00025879917184265007 0.00013990362194932378
0 1.0 -0.008854091414401435 1.1750892013334724 0.00025879917184265007 0.00013990362194932378
0 1.0 0.0034314022800377964 0.8000591565663019 0.00025879917184265007 0.00013990362194932378
0 1.0 0.009837715019926592 0.6044984560044333 0.00025879917184265007 0.00013990362194932378
0 1.0 0.013770181509261747 0.48445500311427564 0.00025879917184265007 0.00013990362194932378
0 1.0 0.016429877618446064 0.40326445630328883 0.00025879917184265007 0.00013990362194932378
0 1.0 0.01834863042339134 0.3446921296037549 0.00025879917184265007 0.00013990362194932378
0 1.0 0.032133831924267234 0.3901637914946014 0.00025879917184265007 0.00013990362194932378
0 1.0 0.031678773974458084 0.4160648654760351 0.00025879917184265007 0.00013990362194932378
0 1.0 0.0727649168099234 -1.7757502767390376 0.00025879917184265007 0.00013990362194932378
0 1.0 0.03390368813585172 0.2894857549534662 0.00025879917184265007 0.00013990362194932378
0 1.0 0.035339278332266834 0.1975053416951799 0.00025879917184265007 0.00013990362194932378
0 1.0 0.03505613014575126 0.21216645614964527 0.00025879917184265007 0.00013990362194932378
0 1.0 0.03470988156564488 0.23047650971554162 0.00025879917184265007 0.00013990362194932378
0 1.0 0.32918968713401275 -15.31381539144235 0.00025879917184265007 0.00013990362194932378
0 1.0 0.03307178150990236 0.31710018690851977 0.00025879917184265007 0.00013990362194932378
0 1.0 0.03257244844636515 0.34351141410877 0.00025879917184265007 0.00013990362194932378
0 1.0 0.03125049788046508 0.4134348270034864 0.00025879917184265007 0.00013990362194932378
0 1.0 0.04064622955310039 -0.29103105853843114 0.00025879917184265007 0.00013990362194932378
0 1.0 0.03961396505250914 -0.26375811089023415 0.00025879917184265007 0.00013990362194932378
0 1.0 0.03876838411348028 -0.24141743689704778 0.00025879917184265007 0.00013990362194932378
0 1.0 0.03806304239810146 -0.2227819537756208 0.00025879917184265007 0.00013990362194932378
0 1.0 0.03746571661894661 -0.20700030605405517 0.00025879917184265007 0.00013990362194932378
