0 1.0 0.026554919422812632 0.08660624802153656 0.00025879917184265007 0.00013990362194932378
0 1.0 0.02312108710677423 0.18058220563613925 0.00025879917184265007 0.00013990362194932378
0 1.0 0.05211735045712854 -0.730634892103785 0.00025879917184265007 0.00013990362194932378
0 1.0 0.05574105548978277 -0.9440543096975222 0.00025879917184265007 0.00013990362194932378
0 1.0 0.0631228962057295 -1.3684662023300291 0.00025879917184265007 0.00013990362194932378
0 1.0 0.08283783130541172 -2.4892286250706945 0.00025879917184265007 0.00013990362194932378
0 1.0 0.11091726764970476 -4.420813319923685 0.00025879917184265007 0.00013990362194932378
0 1.0 0.09501901736299186 -3.7460246153006698 0.00025879917184265007 0.00013990362194932378
0 1.0 -0.018531362622851218 1.4229110969591483 0.00025879917184265007 0.00013990362194932378
0 1.0 -0.00040060107598692535 0.8871510542748122 0.00025879917184265007 0.00013990362194932378
0 1.0 0.02860291428231679 0.03355598127215873 0.00025879917184265007 0.00013990362194932378
0 1.0 0.028711945630882457 0.030380855207504755 0.00025879917184265007 0.00013990362194932378
0 1.0 0.02875975361255095 0.028988628378331 0.00025879917184265007 0.00013990362194932378
0 1.0 0.007547380382717353 0.6522899385647493 0.00025879917184265007 0.00013990362194932378
0 1.0 0.012232049845930104 0.5138589793860388 0.00025879917184265007 0.00013990362194932378
0 1.0 0.02379150573820942 0.1736703085097728 0.00025879917184265007 0.00013990362194932378
0 1.0 0.02692787845682854 0.08233415196470015 0.00025879917184265007 0.00013990362194932378
0 1.0 0.02726115615098632 0.07262846964051314 0.00025879917184265007 0.00013990362194932378
0 1.0 0.02760882566214737 0.06250342259178569 0.00025879917184265007 0.00013990362194932378
0 1.0 0.028134792303616225 0.04719001688754319 0.00025879917184265007 0.00013990362194932378
0 1.0 0.028371665352882568 0.04029023259463685 0.00025879917184265007 0.00013990362194932378
0 1.0 0.028437713846749826 0.03668807229130016 0.00025879917184265007 0.00013990362194932378
0 1.0 0.028592081438052624 0.03233098456899155 0.00025879917184265007 0.00013990362194932378
0 1.0 0.02862648940408333 0.029913749325706618 0.00025879917184265007 0.00013990362194932378
0 1.0 0.028575376736649793 0.031312542207563625 0.00025879917184265007 0.00013990362194932378
0 1.0 0.028463267068762624 0.03438063106502401 0.00025879917184265007 0.00013990362194932378
0 1.0 0.028319705858741835 0.038309449668532815 0.00025879917184265007 0.00013990362194932378
0 1.0 0.02805444086263366 0.04556642037389017 0.00025879917184265007 0.00013990362194932378
0 1.0 0.027764209635009918 0.053508321789244744 0.00025879917184265007 0.00013990362194932378
0 1.0 0.34720515556421677 -16.26495043339539 0.00025879917184265007 0.00013990362194932378
0 1.0 0.05977003042557604 -1.0839714407853691 0.00025879917184265007 0.00013990362194932378
0 1.0 0.01488454738175182 1.4776151300118083 0.00025879917184265007 0.00013990362194932378
0 1.0 0.024931912427447824 0.859835443346045 0.00025879917184265007 0.00013990362194932378
0 1.0 0.0548493785484842 -0.816700268456791 0.00025879917184265007 0.00013990362194932378
0 1.0 1.3943344225378376 -77.04570520355325 0.00025879917184265007 0.00013990362194932378
0 1.0 -0.048278744652176415 4.964538307900568 0.00025879917184265007 0.00013990362194932378
0 1.0 0.0036525979986262794 2.0112002390548964 0.00025879917184265007 0.00013990362194932378
0 1.0 0.014030035949184665 1.4205534828255675 0.00025879917184265007 0.00013990362194932378
0 1.0 0.02075808055486302 1.037617179949738 0.00025879917184265007 0.00013990362194932378
0 1.0 0.023923048448010114 0.8574784955689105 0.00025879917184265007 0.00013990362194932378
0 1.0 -0.008080858417882591 2.8896829840734473 0.00025879917184265007 0.00013990362194932378
0 1.0 0.026195829700940098 0.7281198926981796 0.00025879917184265007 0.00013990362194932378
0 1.0 0.033283137878851114 0.32475823271674065 0.00025879917184265007 0.00013990362194932378
0 1.0 0.03485689190689445 0.2352420624689615 0.00025879917184265007 0.00013990362194932378
0 1.0 0.0352951177715705 0.2103003201307316 0.00025879917184265007 0.00013990362194932378
0 1.0 0.034698442320149354 0.23108143117893734 0.00025879917184265007 0.00013990362194932378
0 1.0 0.034458836005996536 0.2437521096998909 0.00025879917184265007 0.00013990362194932378
0 1.0 0.03375537849500318 0.28095163194678363 0.00025879917184265007 0.00013990362194932378
0 1.0 0.03072907045639884 0.4410152721487917 0.00025879917184265007 0.00013990362194932378
0 1.0 -0.00583397333699425 2.3736692547646454 0.00025879917184265007 0.00013990362194932378
0 1.0 0.10433141592473157 -3.2049416155476247 0.00025879917184265007 0.00013990362194932378
0 1.0 0.029422361569207193 0.5444957711783446 0.00025879917184265007 0.00013990362194932378
0 1.0 0.03533200878176444 0.19757765234419586 0.00025879917184265007 0.00013990362194932378
0 1.0 0.03490421477937962 0.22019992879202582 0.00025879917184265007 0.00013990362194932378
0 1.0 0.03416526814809731 0.25927634145763073 0.00025879917184265007 0.00013990362194932378
0 1.0 0.03218372234133338 0.3640727396577229 0.00025879917184265007 0.00013990362194932378
0 1.0 0.028191986138495502 0.5752041075828556 0.00025879917184265007 0.00013990362194932378
0 1.0 0.06923968763258989 -1.4740315661007237 0.00025879917184265007 0.00013990362194932378
0 1.0 0.02870945943729976 0.029017943048601284 0.00025879917184265007 0.00013990362194932378
0 1.0 0.028674969583086716 0.02858699936906886 0.00025879917184265007 0.00013990362194932378
0 1.0 0.020728477887271245 0.2460615678987505 0.00025879917184265007 0.00013990362194932378
0 1.0 0.009549752510622124 0.5555829375201284 0.00025879917184265007 0.00013990362194932378
0 1.0 0.028517886167494642 0.03288587819149921 0.00025879917184265007 0.00013990362194932378
0 1.0 0.028394841814275186 0.03625321498056182 0.00025879917184265007 0.00013990362194932378
0 1.0 0.028209498469275333 0.04132547915113089 0.00025879917184265007 0.00013990362194932378
0 1.0 0.027570804754914004 0.05880198492196179 0.00025879917184265007 0.00013990362194932378
0 1.0 0.02732942397198221 0.06540879797212988 0.00025879917184265007 0.00013990362194932378
0 1.0 0.027007250694057714 0.07422702740508619 0.00025879917184265007 0.00013990362194932378
0 1.0 0.026033295217055368 0.10088176033443128 0.00025879917184265007 0.00013990362194932378
0 1.0 0.025036909904954583 0.1281508950464406 0.00025879917184265007 0.00013990362194932378
0 1.0 -0.444571131500914 14.475896243660594 0.00025879917184265007 0.00013990362194932378
0 1.0 -0.041974970035728275 2.186145403145402 0.00025879917184265007 0.00013990362194932378
0 1.0 -0.008854091414401435 1.1750892013334724 0.00025879917184265007 0.00013990362194932378
0 1.0 0.0034314022800377964 0.8000591565663019 0.00025879917184265007 0.00013990362194932378
0 1.0 0.009837715019926592 0.6044984560044333 0.00025879917184265007 0.00013990362194932378
0 1.0 0.013770181509261747 0.48445500311427564 0.00025879917184265007 0.00013990362194932378
0 1.0 0.016429877618446064 0.40326445630328883 0.00025879917184265007 0.00013990362194932378
0 1.0 0.01834863042339134 0.3446921296037549 0.00025879917184265007 0.00013990362194932378
0 1.0 0.03505352715535491 0.21230410550426282 0.00025879917184265007 0.00013990362194932378
0 1.0 0.03520277716011077 0.20441158048379762 0.00025879917184265007 0.00013990362194932378
0 1.0 0.03317621240413722 0.3115778894112653 0.00025879917184265007 0.00013990362194932378
0 1.0 0.019790329260535644 1.0194515138364924 0.00025879917184265007 0.00013990362194932378
0 1.0 0.07622131097610552 -1.9582322156902305 0.00025879917184265007 0.00013990362194932378
0 1.0 0.061168280248587975 -1.0688453941155238 0.00025879917184265007 0.00013990362194932378
0 1.0 0.04064622955310039 -0.29103105853843114 0.00025879917184265007 0.00013990362194932378
0 1.0 0.03961396505250914 -0.26375811089023415 0.00025879917184265007 0.00013990362194932378
0 1.0 0.03876838411348028 -0.24141743689704778 0.00025879917184265007 0.00013990362194932378
0 1.0 0.03806304239810146 -0.2227819537756208 0.00025879917184265007 0.00013990362194932378
0 1.0 0.03746571661894661 -0.20700030605405517 0.00025879917184265007 0.00013990362194932378
