0 1.0 0.0577994439372317 -1.063697023640528 0.00025879917184265007 0.00013990362194932378
0 1.0 0.05640061697689547 -1.0708705998664516 0.00025879917184265007 0.00013990362194932378
0 1.0 0.06229902477728498 -1.4333163485870102 0.00025879917184265007 0.00013990362194932378
0 1.0 0.14615828310632867 -6.586305545131568 0.00025879917184265007 0.00013990362194932378
0 1.0 0.07539368864343608 -2.2379581112162032 0.00025879917184265007 0.00013990362194932378
0 1.0 0.09553284749959698 -3.780321855907822 0.00025879917184265007 0.00013990362194932378
0 1.0 0.027594557395808635 0.0559260505637205 0.00025879917184265007 0.00013990362194932378
0 1.0 0.02752407156282522 0.06008111384524396 0.00025879917184265007 0.00013990362194932378
0 1.0 0.02699037929390265 0.07196447933784951 0.00025879917184265007 0.00013990362194932378
0 1.0 0.027753165437070168 0.05171634162248971 0.00025879917184265007 0.00013990362194932378
0 1.0 0.053752380027256984 -0.826930549576152 0.00025879917184265007 0.00013990362194932378
0 1.0 -0.018531362622851218 1.4229110969591483 0.00025879917184265007 0.00013990362194932378
0 1.0 -0.00040060107598692535 0.8871510542748122 0.00025879917184265007 0.00013990362194932378
0 1.0 0.024391828070252728 0.15618818330637185 0.00025879917184265007 0.00013990362194932378
0 1.0 0.02564825736171554 0.11959866387434742 0.00025879917184265007 0.00013990362194932378
0 1.0 0.025885531414801998 0.1126888360933352 0.00025879917184265007 0.00013990362194932378
0 1.0 0.02609982970550766 0.10644810195793426 0.00025879917184265007 0.00013990362194932378
0 1.0 0.026471671913871824 0.09561949300383331 0.00025879917184265007 0.00013990362194932378
0 1.0 0.026634013293545245 0.09089189620141463 0.00025879917184265007 0.00013990362194932378
0 1.0 0.026920727124971754 0.08254240825577776 0.00025879917184265007 0.00013990362194932378
0 1.0 0.027047948249583387 0.07883755997172323 0.00025879917184265007 0.00013990362194932378
0 1.0 0.027275744120177834 0.07220360480502298 0.00025879917184265007 0.00013990362194932378
0 1.0 0.02737811449128066 0.06922213628759849 0.00025879917184265007 0.00013990362194932378
0 1.0 0.007547380382717353 0.6522899385647493 0.00025879917184265007 0.00013990362194932378
0 1.0 0.027473819391265815 0.06643479515368424 0.00025879917184265007 0.00013990362194932378
0 1.0 0.02764832813290596 0.061353316647125525 0.00025879917184265007 0.00013990362194932378
0 1.0 0.027728447926581735 0.05902064607685709 0.00025879917184265007 0.00013990362194932378
0 1.0 0.027890169170754864 0.05431216681645788 0.00025879917184265007 0.00013990362194932378
0 1.0 0.028027193042546 0.050322746243997456 0.00025879917184265007 0.00013990362194932378
0 1.0 0.028305973741212357 0.04220325257638647 0.00025879917184265007 0.00013990362194932378
0 1.0 0.028535124567619013 0.03553010057714685 0.00025879917184265007 0.00013990362194932378
0 1.0 0.028691873468393567 0.030965381099652918 0.00025879917184265007 0.00013990362194932378
0 1.0 0.028753470294046905 0.029171606288970024 0.00025879917184265007 0.00013990362194932378
0 1.0 0.012232049845930104 0.5138589793860388 0.00025879917184265007 0.00013990362194932378
0 1.0 0.015309552152119819 0.42291945857972735 0.00025879917184265007 0.00013990362194932378
0 1.0 0.01749119388734505 0.35845242192685384 0.00025879917184265007 0.00013990362194932378
0 1.0 0.02133812437693726 0.2451157934436181 0.00025879917184265007 0.00013990362194932378
0 1.0 0.02217733676852146 0.22067689567350743 0.00025879917184265007 0.00013990362194932378
0 1.0 0.022872997361839276 0.2004184029566695 0.00025879917184265007 0.00013990362194932378
0 1.0 0.023459046962174677 0.18335191726789857 0.00025879917184265007 0.00013990362194932378
0 1.0 0.02395949899775119 0.16877813802089447 0.00025879917184265007 0.00013990362194932378
0 1.0 0.024769061548930264 0.14520268009727283 0.00025879917184265007 0.00013990362194932378
0 1.0 0.028354147883693993 0.03736687981728305 0.00025879917184265007 0.00013990362194932378
0 1.0 0.028155737299092994 0.042796753219719486 0.00025879917184265007 0.00013990362194932378
0 1.0 0.027810526757939404 0.052240581047936614 0.00025879917184265007 0.00013990362194932378
0 1.0 0.02801239127346232 0.04671570496207327 0.00025879917184265007 0.00013990362194932378
0 1.0 0.02791557600692413 0.0493652899167391 0.00025879917184265007 0.00013990362194932378
0 1.0 0.028584876496002533 0.029636753121136353 0.00025879917184265007 0.00013990362194932378
0 1.0 0.028198604810505137 0.0398948547668282 0.00025879917184265007 0.00013990362194932378
0 1.0 0.025670645569601126 0.11080665502122816 0.00025879917184265007 0.00013990362194932378
0 1.0 0.025905293776175474 0.10078081813531257 0.00025879917184265007 0.00013990362194932378
0 1.0 0.022973577608069503 0.17860082167042843 0.00025879917184265007 0.00013990362194932378
0 1.0 0.02629433599412494 0.10078375074782889 0.00025879917184265007 0.00013990362194932378
0 1.0 0.026783185063717352 0.08654781593613926 0.00025879917184265007 0.00013990362194932378
0 1.0 0.027165969239009487 0.07540063185548056 0.00025879917184265007 0.00013990362194932378
0 1.0 0.027563594498514088 0.06382031819804908 0.00025879917184265007 0.00013990362194932378
0 1.0 0.027810536040779113 0.05663066827771378 0.00025879917184265007 0.00013990362194932378
0 1.0 0.028170880863414682 0.04613857045054706 0.00025879917184265007 0.00013990362194932378
0 1.0 0.028473795261752387 0.03409250754981032 0.00025879917184265007 0.00013990362194932378
0 1.0 0.028417288640691672 0.0356389159703901 0.00025879917184265007 0.00013990362194932378
0 1.0 0.6345588535207067 -33.853683359945 0.00025879917184265007 0.00013990362194932378
0 1.0 0.008318350763102585 1.8813491310365313 0.00025879917184265007 0.00013990362194932378
0 1.0 0.01668800282927217 1.3667265401957112 0.00025879917184265007 0.00013990362194932378
0 1.0 0.024126471489795617 0.9093593780122438 0.00025879917184265007 0.00013990362194932378
0 1.0 0.06612330479967787 -1.4246607422652247 0.00025879917184265007 0.00013990362194932378
0 1.0 0.05333064160180019 -0.750924810450969 0.00025879917184265007 0.00013990362194932378
0 1.0 0.06388318004752323 -1.4116871186653295 0.00025879917184265007 0.00013990362194932378
0 1.0 0.10941652399823693 -4.000184652319816 0.00025879917184265007 0.00013990362194932378
0 1.0 0.003568614655025386 2.0159802714397204 0.00025879917184265007 0.00013990362194932378
0 1.0 0.020025847327876427 1.0792932836646911 0.00025879917184265007 0.00013990362194932378
0 1.0 0.07599146782174386 -2.100023847772562 0.00025879917184265007 0.00013990362194932378
0 1.0 0.02329404939499055 0.8932788782941429 0.00025879917184265007 0.00013990362194932378
0 1.0 0.028825491277592256 0.5784685467048938 0.00025879917184265007 0.00013990362194932378
0 1.0 0.034467887823861454 0.24327343836519727 0.00025879917184265007 0.00013990362194932378
0 1.0 0.0340040227598968 0.2678031972047306 0.00025879917184265007 0.00013990362194932378
0 1.0 0.03363440512868907 0.2873486940702603 0.00025879917184265007 0.00013990362194932378
0 1.0 0.031121025135027618 0.4202831740380583 0.00025879917184265007 0.00013990362194932378
0 1.0 0.030039303971383772 0.4774998639155059 0.00025879917184265007 0.00013990362194932378
0 1.0 0.029013152449584346 0.5317772464456705 0.00025879917184265007 0.00013990362194932378
0 1.0 0.027735436204837805 0.5993469230601518 0.00025879917184265007 0.00013990362194932378
0 1.0 0.18976735682868676 -7.95294856203424 0.00025879917184265007 0.00013990362194932378
0 1.0 0.09394521047635604 -2.6938081128878064 0.00025879917184265007 0.00013990362194932378
0 1.0 0.02975695543111895 0.5254512948105683 0.00025879917184265007 0.00013990362194932378
0 1.0 0.03051608589975907 0.48224296400774685 0.00025879917184265007 0.00013990362194932378
0 1.0 0.0328712539018832 0.34819106866715477 0.00025879917184265007 0.00013990362194932378
0 1.0 0.03317418205826568 0.3309513519934217 0.00025879917184265007 0.00013990362194932378
0 1.0 0.03368372919100843 0.301988363571047 0.00025879917184265007 0.00013990362194932378
0 1.0 0.0343006284785676 0.2669019443240981 0.00025879917184265007 0.00013990362194932378
0 1.0 0.03531503116332506 0.1984754498252745 0.00025879917184265007 0.00013990362194932378
0 1.0 0.03503021497545341 0.21353688243753766 0.00025879917184265007 0.00013990362194932378
0 1.0 0.02677740773737781 0.6950185451061461 0.00025879917184265007 0.00013990362194932378
0 1.0 0.031146653980183837 0.4463521713993263 0.00025879917184265007 0.00013990362194932378
0 1.0 0.02026642829506337 0.9942774664677062 0.00025879917184265007 0.00013990362194932378
0 1.0 0.06574628188019743 -1.2989825181640162 0.00025879917184265007 0.00013990362194932378
0 1.0 0.03252743943746279 0.36776036502287157 0.00025879917184265007 0.00013990362194932378
0 1.0 0.033443228113575585 0.3156586002845031 0.00025879917184265007 0.00013990362194932378
0 1.0 0.03409704117348023 0.2784891702642592 0.00025879917184265007 0.00013990362194932378
0 1.0 0.0348070882230542 0.23807665246003096 0.00025879917184265007 0.00013990362194932378
0 1.0 0.03468090844488985 0.23200864420929987 0.00025879917184265007 0.00013990362194932378
0 1.0 0.034238918802418326 0.2553816036788759 0.00025879917184265007 0.00013990362194932378
0 1.0 0.032509837778969805 0.3468231503119448 0.00025879917184265007 0.00013990362194932378
0 1.0 0.02532674935056859 0.7267096859975077 0.00025879917184265007 0.00013990362194932378
0 1.0 0.02857835193062758 0.031231120509827247 0.00025879917184265007 0.00013990362194932378
0 1.0 0.02852875686142416 0.03258838150324255 0.00025879917184265007 0.00013990362194932378
0 1.0 0.028286789084950987 0.039210278194694324 0.00025879917184265007 0.00013990362194932378
0 1.0 0.028225771464836426 0.04088013846553777 0.00025879917184265007 0.00013990362194932378
0 1.0 0.02808041445228242 0.04485651935294404 0.00025879917184265007 0.00013990362194932378
0 1.0 0.027314710732336312 0.06581151517988668 0.00025879917184265007 0.00013990362194932378
0 1.0 0.026823269753476882 0.07926218996731837 0.00025879917184265007 0.00013990362194932378
0 1.0 0.02642592087926181 0.09013660623053073 0.00025879917184265007 0.00013990362194932378
0 1.0 0.028026238923175684 0.04447087258640946 0.00025879917184265007 0.00013990362194932378
0 1.0 0.02502647928426179 0.12843637319589674 0.00025879917184265007 0.00013990362194932378
0 1.0 0.02427119836585631 0.14910671387514574 0.00025879917184265007 0.00013990362194932378
0 1.0 0.022428441921178297 0.1995380654804443 0.00025879917184265007 0.00013990362194932378
0 1.0 0.021015041943674376 0.238219070466361 0.00025879917184265007 0.00013990362194932378
0 1.0 0.01925057175765958 0.28668061259096084 0.00025879917184265007 0.00013990362194932378
0 1.0 0.01551957237428423 0.39002507309287815 0.00025879917184265007 0.00013990362194932378
0 1.0 -0.01039784285758392 1.074383723971702 0.00025879917184265007 0.00013990362194932378
0 1.0 0.5869104350985763 -14.984464253367754 0.00025879917184265007 0.00013990362194932378
0 1.0 0.026173736240209314 0.10058853258659806 0.00025879917184265007 0.00013990362194932378
0 1.0 0.02839512555597136 0.03789014402992653 0.00025879917184265007 0.00013990362194932378
0 1.0 0.028654349913573587 0.030573431653321003 0.00025879917184265007 0.00013990362194932378
0 1.0 0.0287305616813476 0.028422323672292613 0.00025879917184265007 0.00013990362194932378
0 1.0 0.028668143056346906 0.028773819926298894 0.00025879917184265007 0.00013990362194932378
0 1.0 0.028620478761894285 0.030078241689959782 0.00025879917184265007 0.00013990362194932378
0 1.0 -0.444571131500914 14.475896243660594 0.00025879917184265007 0.00013990362194932378
0 1.0 -0.041974970035728275 2.186145403145402 0.00025879917184265007 0.00013990362194932378
0 1.0 -0.008854091414401435 1.1750892013334724 0.00025879917184265007 0.00013990362194932378
0 1.0 0.0034314022800377964 0.8000591565663019 0.00025879917184265007 0.00013990362194932378
0 1.0 0.009837715019926592 0.6044984560044333 0.00025879917184265007 0.00013990362194932378
0 1.0 0.013770181509261747 0.48445500311427564 0.00025879917184265007 0.00013990362194932378
0 1.0 0.016429877618446064 0.40326445630328883 0.00025879917184265007 0.00013990362194932378
0 1.0 0.01834863042339134 0.3446921296037549 0.00025879917184265007 0.00013990362194932378
0 1.0 0.032133831924267234 0.3901637914946014 0.00025879917184265007 0.00013990362194932378
0 1.0 0.031678773974458084 0.4160648654760351 0.00025879917184265007 0.00013990362194932378
0 1.0 0.0820059168986169 -2.2636331780967978 0.00025879917184265007 0.00013990362194932378
0 1.0 0.03390037113652496 0.2896742953394777 0.00025879917184265007 0.00013990362194932378
0 1.0 0.03537074846214865 0.20599577914099051 0.00025879917184265007 0.00013990362194932378
0 1.0 0.035174338606753515 0.20591544639177609 0.00025879917184265007 0.00013990362194932378
0 1.0 0.03487652147244417 0.2216643851466156 0.00025879917184265007 0.00013990362194932378
0 1.0 0.010158120074802882 1.5287608648799955 0.00025879917184265007 0.00013990362194932378
0 1.0 0.03330393945093208 0.30482369319361613 0.00025879917184265007 0.00013990362194932378
0 1.0 0.03294994570031261 0.3235440287652678 0.00025879917184265007 0.00013990362194932378
0 1.0 0.03192258735119844 0.37788524536517304 0.00025879917184265007 0.00013990362194932378
0 1.0 0.04064622955310039 -0.29103105853843114 0.00025879917184265007 0.00013990362194932378
0 1.0 0.03961396505250914 -0.26375811089023415 0.00025879917184265007 0.00013990362194932378
0 1.0 0.03876838411348028 -0.24141743689704778 0.00025879917184265007 0.00013990362194932378
0 1.0 0.03806304239810146 -0.2227819537756208 0.00025879917184265007 0.00013990362194932378
0 1.0 0.03746571661894661 -0.20700030605405517 0.00025879917184265007 0.00013990362194932378
