0 1.0 0.05163000920162749 -0.6826466778543364 0.00025879917184265007 0.00013990362194932378
0 1.0 0.05975999347702683 -1.1770159888586527 0.00025879917184265007 0.00013990362194932378
0 1.0 0.06152706695252731 -1.3858810336268423 0.00025879917184265007 0.00013990362194932378
0 1.0 0.14615828310632867 -6.586305545131568 0.00025879917184265007 0.00013990362194932378
0 1.0 0.07389668966932464 -2.145970420237996 0.00025879917184265007 0.00013990362194932378
0 1.0 0.09553284749959698 -3.780321855907822 0.00025879917184265007 0.00013990362194932378
0 1.0 0.028364902968018163 0.035478524325565836 0.00025879917184265007 0.00013990362194932378
0 1.0 0.02789710903892259 0.04987074721251346 0.00025879917184265007 0.00013990362194932378
0 1.0 0.028209341459918612 0.03960972477891388 0.00025879917184265007 0.00013990362194932378
0 1.0 0.028488848835905304 0.032186930975376275 0.00025879917184265007 0.00013990362194932378
0 1.0 0.1231300049780732 -2.5967327913084364 0.00025879917184265007 0.00013990362194932378
0 1.0 -0.018531362622851218 1.4229110969591483 0.00025879917184265007 0.00013990362194932378
0 1.0 -0.00040060107598692535 0.8871510542748122 0.00025879917184265007 0.00013990362194932378
0 1.0 0.024391828070252728 0.15618818330637185 0.00025879917184265007 0.00013990362194932378
0 1.0 0.02564825736171554 0.11959866387434742 0.00025879917184265007 0.00013990362194932378
0 1.0 0.025885531414801998 0.1126888360933352 0.00025879917184265007 0.00013990362194932378
0 1.0 0.02609982970550766 0.10644810195793426 0.00025879917184265007 0.00013990362194932378
0 1.0 0.026471671913871824 0.09561949300383331 0.00025879917184265007 0.00013990362194932378
0 1.0 0.026634013293545245 0.09089189620141463 0.00025879917184265007 0.00013990362194932378
0 1.0 0.026920727124971754 0.08254240825577776 0.00025879917184265007 0.00013990362194932378
0 1.0 0.027047948249583387 0.07883755997172323 0.00025879917184265007 0.00013990362194932378
0 1.0 0.027275744120177834 0.07220360480502298 0.00025879917184265007 0.00013990362194932378
0 1.0 0.02737811197925188 0.06922220944875493 0.00025879917184265007 0.00013990362194932378
0 1.0 0.007547380382717353 0.6522899385647493 0.00025879917184265007 0.00013990362194932378
0 1.0 0.027473802074459288 0.06643529949408011 0.00025879917184265007 0.00013990362194932378
0 1.0 0.0276476317527539 0.06137359160555856 0.00025879917184265007 0.00013990362194932378
0 1.0 0.027726809047681142 0.05906836168375338 0.00025879917184265007 0.00013990362194932378
0 1.0 0.02787188308456299 0.054844562285145636 0.00025879917184265007 0.00013990362194932378
0 1.0 0.027938536105875402 0.05290397389741021 0.00025879917184265007 0.00013990362194932378
0 1.0 0.028062336345028475 0.04929955654664676 0.00025879917184265007 0.00013990362194932378
0 1.0 0.028121508888752447 0.04757676065589089 0.00025879917184265007 0.00013990362194932378
0 1.0 0.02820399451561463 0.04517374105239744 0.00025879917184265007 0.00013990362194932378
0 1.0 0.028433774699153917 0.03848153255745433 0.00025879917184265007 0.00013990362194932378
0 1.0 0.02856432443931073 0.0346797646424585 0.00025879917184265007 0.00013990362194932378
0 1.0 0.012232049845930104 0.5138589793860388 0.00025879917184265007 0.00013990362194932378
0 1.0 0.02871223214167318 0.03037251166327276 0.00025879917184265007 0.00013990362194932378
0 1.0 0.02875975361255095 0.028988628378331 0.00025879917184265007 0.00013990362194932378
0 1.0 0.015309552152119819 0.42291945857972735 0.00025879917184265007 0.00013990362194932378
0 1.0 0.01749119388734505 0.35845242192685384 0.00025879917184265007 0.00013990362194932378
0 1.0 0.02133812437693726 0.2451157934436181 0.00025879917184265007 0.00013990362194932378
0 1.0 0.02217732610323337 0.22067720625982362 0.00025879917184265007 0.00013990362194932378
0 1.0 0.022872997361839276 0.2004184029566695 0.00025879917184265007 0.00013990362194932378
0 1.0 0.023459046962174677 0.18335191726789857 0.00025879917184265007 0.00013990362194932378
0 1.0 0.02395949899775119 0.16877813802089447 0.00025879917184265007 0.00013990362194932378
0 1.0 0.024769061548930264 0.14520268009727283 0.00025879917184265007 0.00013990362194932378
0 1.0 0.02847847889700585 0.033964331189962116 0.00025879917184265007 0.00013990362194932378
0 1.0 0.028296067610290056 0.03895635415100608 0.00025879917184265007 0.00013990362194932378
0 1.0 0.027975247618498175 0.04773202497480639 0.00025879917184265007 0.00013990362194932378
0 1.0 0.028153112038046865 0.04286859835417888 0.00025879917184265007 0.00013990362194932378
0 1.0 0.028068603999374456 0.04517931849971514 0.00025879917184265007 0.00013990362194932378
0 1.0 0.028683509626717143 0.0283532852461164 0.00025879917184265007 0.00013990362194932378
0 1.0 0.02857240806802179 0.029967873434611495 0.00025879917184265007 0.00013990362194932378
0 1.0 0.02743103406678949 0.06262763264291037 0.00025879917184265007 0.00013990362194932378
0 1.0 0.027889545910849484 0.04809658757148698 0.00025879917184265007 0.00013990362194932378
0 1.0 0.026469662669790124 0.08893950597639583 0.00025879917184265007 0.00013990362194932378
0 1.0 0.02629433599412494 0.10078375074782889 0.00025879917184265007 0.00013990362194932378
0 1.0 0.02495695538362088 0.1303391894407314 0.00025879917184265007 0.00013990362194932378
0 1.0 0.02194105728290173 0.20601134532205573 0.00025879917184265007 0.00013990362194932378
0 1.0 0.02044019433623492 0.24585505424931417 0.00025879917184265007 0.00013990362194932378
0 1.0 0.026783185063717352 0.08654781593613926 0.00025879917184265007 0.00013990362194932378
0 1.0 0.027165969239009487 0.07540063185548056 0.00025879917184265007 0.00013990362194932378
0 1.0 0.027563451356804283 0.06382448573816002 0.00025879917184265007 0.00013990362194932378
0 1.0 0.027801419982763254 0.05689608034725159 0.00025879917184265007 0.00013990362194932378
0 1.0 0.0280019999535863 0.05105623761353658 0.00025879917184265007 0.00013990362194932378
0 1.0 0.028553190863097034 0.031919699758942224 0.00025879917184265007 0.00013990362194932378
0 1.0 0.028516039403563474 0.0329364183094602 0.00025879917184265007 0.00013990362194932378
0 1.0 0.23640003770873916 -11.218993629103993 0.00025879917184265007 0.00013990362194932378
0 1.0 0.007850498841218993 1.7722706952250205 0.00025879917184265007 0.00013990362194932378
0 1.0 0.016301690477257238 1.3904796259746626 0.00025879917184265007 0.00013990362194932378
0 1.0 0.024126471489795617 0.9093593780122438 0.00025879917184265007 0.00013990362194932378
0 1.0 0.0736131070901795 -1.8205308774167892 0.00025879917184265007 0.00013990362194932378
0 1.0 0.06308415841204981 -1.2622908636068442 0.00025879917184265007 0.00013990362194932378
0 1.0 0.05420897951977132 -0.8538221417139906 0.00025879917184265007 0.00013990362194932378
0 1.0 0.09416293530787838 -3.1330426135731866 0.00025879917184265007 0.00013990362194932378
0 1.0 -0.01847578949771494 3.2697403541128853 0.00025879917184265007 0.00013990362194932378
0 1.0 0.018642692147464782 1.1580175434062798 0.00025879917184265007 0.00013990362194932378
0 1.0 0.06987312815545028 -1.7522060561910016 0.00025879917184265007 0.00013990362194932378
0 1.0 0.02290019957697448 0.9156954052404767 0.00025879917184265007 0.00013990362194932378
0 1.0 0.028825491277592256 0.5784685467048938 0.00025879917184265007 0.00013990362194932378
0 1.0 0.034910354374709816 0.21987525939024916 0.00025879917184265007 0.00013990362194932378
0 1.0 0.03454805426322087 0.23903413780717983 0.00025879917184265007 0.00013990362194932378
0 1.0 0.03432316782309293 0.2509264111667426 0.00025879917184265007 0.00013990362194932378
0 1.0 0.03254570856335672 0.34492579671019735 0.00025879917184265007 0.00013990362194932378
0 1.0 0.03195321241151735 0.37626535972584274 0.00025879917184265007 0.00013990362194932378
0 1.0 0.031114884819854038 0.4206079606104629 0.00025879917184265007 0.00013990362194932378
0 1.0 0.030243133769587933 0.46671846595122685 0.00025879917184265007 0.00013990362194932378
0 1.0 0.021126450925931902 0.9488032082197465 0.00025879917184265007 0.00013990362194932378
0 1.0 -0.001963542899216902 2.1692049961909228 0.00025879917184265007 0.00013990362194932378
0 1.0 0.10252416958765301 -3.3469038800380706 0.00025879917184265007 0.00013990362194932378
0 1.0 0.02975695543111895 0.5254512948105683 0.00025879917184265007 0.00013990362194932378
0 1.0 0.09394521047635604 -2.6938081128878064 0.00025879917184265007 0.00013990362194932378
0 1.0 0.03051608589975907 0.48224296400774685 0.00025879917184265007 0.00013990362194932378
0 1.0 0.0328712539018832 0.34819106866715477 0.00025879917184265007 0.00013990362194932378
0 1.0 0.03317417631469523 0.3309516784616777 0.00025879917184265007 0.00013990362194932378
0 1.0 0.03368363884194816 0.30199349907003936 0.00025879917184265007 0.00013990362194932378
0 1.0 0.03427259790602544 0.2684973118600989 0.00025879917184265007 0.00013990362194932378
0 1.0 0.034844674322836486 0.23593742953451582 0.00025879917184265007 0.00013990362194932378
0 1.0 0.03532532242768488 0.1979312350255154 0.00025879917184265007 0.00013990362194932378
0 1.0 0.02677740773737781 0.6950185451061461 0.00025879917184265007 0.00013990362194932378
0 1.0 0.031146653980183837 0.4463521713993263 0.00025879917184265007 0.00013990362194932378
0 1.0 0.027443425848420258 0.6147887217172373 0.00025879917184265007 0.00013990362194932378
0 1.0 -0.11273652299861292 8.017884588664868 0.00025879917184265007 0.00013990362194932378
0 1.0 0.057380663857550494 -0.954190098859525 0.00025879917184265007 0.00013990362194932378
0 1.0 0.03252743943746279 0.36776036502287157 0.00025879917184265007 0.00013990362194932378
0 1.0 0.033443199581168634 0.315660222084959 0.00025879917184265007 0.00013990362194932378
0 1.0 0.03409518764637772 0.2785946642552228 0.00025879917184265007 0.00013990362194932378
0 1.0 0.034434489988874155 0.2592831806494799 0.00025879917184265007 0.00013990362194932378
0 1.0 0.035058259948446184 0.2120538295464784 0.00025879917184265007 0.00013990362194932378
0 1.0 0.03472004916317888 0.22993883457063047 0.00025879917184265007 0.00013990362194932378
0 1.0 0.033390468166315496 0.3002480615100687 0.00025879917184265007 0.00013990362194932378
0 1.0 0.02912251336300704 0.5259926970827417 0.00025879917184265007 0.00013990362194932378
0 1.0 0.028638919226455718 0.029573584197759642 0.00025879917184265007 0.00013990362194932378
0 1.0 0.028586538266404157 0.03100708625789416 0.00025879917184265007 0.00013990362194932378
0 1.0 0.028422679846282113 0.03549137563678599 0.00025879917184265007 0.00013990362194932378
0 1.0 0.028361735525279628 0.03715922994156731 0.00025879917184265007 0.00013990362194932378
0 1.0 0.028228959502194687 0.0407928919141887 0.00025879917184265007 0.00013990362194932378
0 1.0 0.027811358918427787 0.05221780407718137 0.00025879917184265007 0.00013990362194932378
0 1.0 0.02770566959950257 0.05511061449043958 0.00025879917184265007 0.00013990362194932378
0 1.0 0.0275964627045071 0.05809970408109197 0.00025879917184265007 0.00013990362194932378
0 1.0 0.028539320001430373 0.030846583324820227 0.00025879917184265007 0.00013990362194932378
0 1.0 0.027188227616440994 0.06927349421969249 0.00025879917184265007 0.00013990362194932378
0 1.0 0.026894540749301005 0.07731168620002789 0.00025879917184265007 0.00013990362194932378
0 1.0 0.02583443034165716 0.10632423083624072 0.00025879917184265007 0.00013990362194932378
0 1.0 0.024244227077372508 0.14984484643558418 0.00025879917184265007 0.00013990362194932378
0 1.0 0.023265523747389077 0.17662935824354312 0.00025879917184265007 0.00013990362194932378
0 1.0 0.022032697769688435 0.21036853225599972 0.00025879917184265007 0.00013990362194932378
0 1.0 0.02050875677985422 0.2520747512769754 0.00025879917184265007 0.00013990362194932378
0 1.0 0.018286926111493785 0.3132795120356741 0.00025879917184265007 0.00013990362194932378
0 1.0 0.011362047799889363 0.5053235084829164 0.00025879917184265007 0.00013990362194932378
0 1.0 -0.053317202472758035 2.2282861505431857 0.00025879917184265007 0.00013990362194932378
0 1.0 0.26676364666586116 -6.3772026505881945 0.00025879917184265007 0.00013990362194932378
0 1.0 0.027382172186604773 0.06647727088677831 0.00025879917184265007 0.00013990362194932378
0 1.0 0.027907409090242995 0.051652069790744645 0.00025879917184265007 0.00013990362194932378
0 1.0 0.02827250808086739 0.04135107187629068 0.00025879917184265007 0.00013990362194932378
0 1.0 0.02860815001662503 0.031877442437369966 0.00025879917184265007 0.00013990362194932378
0 1.0 0.028710734073547302 0.028981965924790982 0.00025879917184265007 0.00013990362194932378
0 1.0 -0.444571131500914 14.475896243660594 0.00025879917184265007 0.00013990362194932378
0 1.0 -0.041974970035728275 2.186145403145402 0.00025879917184265007 0.00013990362194932378
0 1.0 -0.008854091414401435 1.1750892013334724 0.00025879917184265007 0.00013990362194932378
0 1.0 0.0034314022800377964 0.8000591565663019 0.00025879917184265007 0.00013990362194932378
0 1.0 0.009837715019926592 0.6044984560044333 0.00025879917184265007 0.00013990362194932378
0 1.0 0.013770181509261747 0.48445500311427564 0.00025879917184265007 0.00013990362194932378
0 1.0 0.016429877618446064 0.40326445630328883 0.00025879917184265007 0.00013990362194932378
0 1.0 0.01834863042339134 0.3446921296037549 0.00025879917184265007 0.00013990362194932378
0 1.0 0.032133831924267234 0.3901637914946014 0.00025879917184265007 0.00013990362194932378
0 1.0 0.031678773974458084 0.4160648654760351 0.00025879917184265007 0.00013990362194932378
0 1.0 0.014803496886143441 1.2831335323007982 0.00025879917184265007 0.00013990362194932378
0 1.0 0.061168280248587975 -1.0688453941155238 0.00025879917184265007 0.00013990362194932378
0 1.0 0.03389981815577339 0.2897057271228724 0.00025879917184265007 0.00013990362194932378
0 1.0 0.034583544784679635 0.2507996870656254 0.00025879917184265007 0.00013990362194932378
0 1.0 0.03537039919037523 0.2060156580374244 0.00025879917184265007 0.00013990362194932378
0 1.0 0.03520551569830531 0.20426676319380774 0.00025879917184265007 0.00013990362194932378
0 1.0 0.025194067083519664 0.7337253475163388 0.00025879917184265007 0.00013990362194932378
0 1.0 0.03409123593024137 0.263191256788485 0.00025879917184265007 0.00013990362194932378
0 1.0 0.03375228439211848 0.2811152478646761 0.00025879917184265007 0.00013990362194932378
0 1.0 0.03297170117731257 0.322393291937258 0.00025879917184265007 0.00013990362194932378
0 1.0 0.04064622955310039 -0.29103105853843114 0.00025879917184265007 0.00013990362194932378
0 1.0 0.03961396505250914 -0.26375811089023415 0.00025879917184265007 0.00013990362194932378
0 1.0 0.03876838411348028 -0.24141743689704778 0.00025879917184265007 0.00013990362194932378
0 1.0 0.03806304239810146 -0.2227819537756208 0.00025879917184265007 0.00013990362194932378
0 1.0 0.03746571661894661 -0.20700030605405517 0.00025879917184265007 0.00013990362194932378
