0 1.0 0.051922990712467344 -0.719188004695602 0.00025879917184265007 0.00013990362194932378
0 1.0 0.05596107904318497 -1.0438618441367646 0.00025879917184265007 0.00013990362194932378
0 1.0 0.06156333977022881 -1.3881099281039622 0.00025879917184265007 0.00013990362194932378
0 1.0 0.14615828310632867 -6.586305545131568 0.00025879917184265007 0.00013990362194932378
0 1.0 0.07389668966932464 -2.145970420237996 0.00025879917184265007 0.00013990362194932378
0 1.0 0.09553284749959698 -3.780321855907822 0.00025879917184265007 0.00013990362194932378
0 1.0 0.028193687440931422 0.040025443880166295 0.00025879917184265007 0.00013990362194932378
0 1.0 0.02785197422680069 0.051106127058220055 0.00025879917184265007 0.00013990362194932378
0 1.0 0.0279704539910771 0.04595005337907502 0.00025879917184265007 0.00013990362194932378
0 1.0 0.028405261988973533 0.03440672187453293 0.00025879917184265007 0.00013990362194932378
0 1.0 0.05718068801938912 -0.7867012523639528 0.00025879917184265007 0.00013990362194932378
0 1.0 -0.018531362622851218 1.4229110969591483 0.00025879917184265007 0.00013990362194932378
0 1.0 -0.00040060107598692535 0.8871510542748122 0.00025879917184265007 0.00013990362194932378
0 1.0 0.024391828070252728 0.15618818330637185 0.00025879917184265007 0.00013990362194932378
0 1.0 0.02564825736171554 0.11959866387434742 0.00025879917184265007 0.00013990362194932378
0 1.0 0.025885531414801998 0.1126888360933352 0.00025879917184265007 0.00013990362194932378
0 1.0 0.02609982970550766 0.10644810195793426 0.00025879917184265007 0.00013990362194932378
0 1.0 0.026471671913871824 0.09561949300383331 0.00025879917184265007 0.00013990362194932378
0 1.0 0.026634013293545245 0.09089189620141463 0.00025879917184265007 0.00013990362194932378
0 1.0 0.026920727124971754 0.08254240825577776 0.00025879917184265007 0.00013990362194932378
0 1.0 0.027047948249583387 0.07883755997172323 0.00025879917184265007 0.00013990362194932378
0 1.0 0.027275744120177834 0.07220360480502298 0.00025879917184265007 0.00013990362194932378
0 1.0 0.02737811197925188 0.06922220944875493 0.00025879917184265007 0.00013990362194932378
0 1.0 0.007547380382717353 0.6522899385647493 0.00025879917184265007 0.00013990362194932378
0 1.0 0.027473802074459288 0.06643529949408011 0.00025879917184265007 0.00013990362194932378
0 1.0 0.0276476317527539 0.06137359160555856 0.00025879917184265007 0.00013990362194932378
0 1.0 0.027726810550825414 0.05906831792003087 0.00025879917184265007 0.00013990362194932378
0 1.0 0.027872054273571166 0.05483957815397123 0.00025879917184265007 0.00013990362194932378
0 1.0 0.02793902391395326 0.0528897714700831 0.00025879917184265007 0.00013990362194932378
0 1.0 0.028068954947033792 0.04910685737200089 0.00025879917184265007 0.00013990362194932378
0 1.0 0.028143798795391643 0.04692765814264249 0.00025879917184265007 0.00013990362194932378
0 1.0 0.028304242060965854 0.042253681220612564 0.00025879917184265007 0.00013990362194932378
0 1.0 0.02857285484762534 0.03443134873145517 0.00025879917184265007 0.00013990362194932378
0 1.0 0.02867248043350823 0.03153012996635219 0.00025879917184265007 0.00013990362194932378
0 1.0 0.012232049845930104 0.5138589793860388 0.00025879917184265007 0.00013990362194932378
0 1.0 0.02875172733555274 0.02922236336954598 0.00025879917184265007 0.00013990362194932378
0 1.0 0.015309552152119819 0.42291945857972735 0.00025879917184265007 0.00013990362194932378
0 1.0 0.01749119388734505 0.35845242192685384 0.00025879917184265007 0.00013990362194932378
0 1.0 0.02133812437693726 0.2451157934436181 0.00025879917184265007 0.00013990362194932378
0 1.0 0.02217733676852146 0.22067689567350743 0.00025879917184265007 0.00013990362194932378
0 1.0 0.022872997361839276 0.2004184029566695 0.00025879917184265007 0.00013990362194932378
0 1.0 0.023459046962174677 0.18335191726789857 0.00025879917184265007 0.00013990362194932378
0 1.0 0.02395949899775119 0.16877813802089447 0.00025879917184265007 0.00013990362194932378
0 1.0 0.024769061548930264 0.14520268009727283 0.00025879917184265007 0.00013990362194932378
0 1.0 0.028446068581365686 0.03485129955010793 0.00025879917184265007 0.00013990362194932378
0 1.0 0.028265247689172605 0.03979979841723494 0.00025879917184265007 0.00013990362194932378
0 1.0 0.027950690050337484 0.048404187399751226 0.00025879917184265007 0.00013990362194932378
0 1.0 0.028099814062868603 0.04432629601657307 0.00025879917184265007 0.00013990362194932378
0 1.0 0.028025708949552527 0.04635171092116788 0.00025879917184265007 0.00013990362194932378
0 1.0 0.02866078300806087 0.02897524128952584 0.00025879917184265007 0.00013990362194932378
0 1.0 0.02857240806802179 0.029967873434611495 0.00025879917184265007 0.00013990362194932378
0 1.0 0.027186848529100402 0.0693112413247776 0.00025879917184265007 0.00013990362194932378
0 1.0 0.027579973457535448 0.0563131314132076 0.00025879917184265007 0.00013990362194932378
0 1.0 0.025859552576567663 0.10563669125652161 0.00025879917184265007 0.00013990362194932378
0 1.0 0.02629433599412494 0.10078375074782889 0.00025879917184265007 0.00013990362194932378
0 1.0 0.0235750984619242 0.16263212721508952 0.00025879917184265007 0.00013990362194932378
0 1.0 0.020699319904111415 0.2389759959548762 0.00025879917184265007 0.00013990362194932378
0 1.0 0.026783185063717352 0.08654781593613926 0.00025879917184265007 0.00013990362194932378
0 1.0 0.027165969239009487 0.07540063185548056 0.00025879917184265007 0.00013990362194932378
0 1.0 0.027563451356804283 0.06382448573816002 0.00025879917184265007 0.00013990362194932378
0 1.0 0.027801534146320896 0.05689275649981148 0.00025879917184265007 0.00013990362194932378
0 1.0 0.028002776674078387 0.051033623563373695 0.00025879917184265007 0.00013990362194932378
0 1.0 0.028550958717218175 0.03198078656820868 0.00025879917184265007 0.00013990362194932378
0 1.0 0.02850635090161597 0.03320156212293166 0.00025879917184265007 0.00013990362194932378
0 1.0 0.2538430960943575 -12.210603506459693 0.00025879917184265007 0.00013990362194932378
0 1.0 0.012927562032277138 1.483302366119427 0.00025879917184265007 0.00013990362194932378
0 1.0 0.01668800282927217 1.3667265401957112 0.00025879917184265007 0.00013990362194932378
0 1.0 0.024126471489795617 0.9093593780122438 0.00025879917184265007 0.00013990362194932378
0 1.0 0.06867469212025532 -1.5598049602530044 0.00025879917184265007 0.00013990362194932378
0 1.0 0.05980747278496534 -1.0860051679293898 0.00025879917184265007 0.00013990362194932378
0 1.0 0.057095786566740976 -1.0230259141002678 0.00025879917184265007 0.00013990362194932378
0 1.0 0.09550708010515806 -3.2094550882730184 0.00025879917184265007 0.00013990362194932378
0 1.0 -0.0011955259477188177 2.287009519212256 0.00025879917184265007 0.00013990362194932378
0 1.0 0.020025847327876427 1.0792932836646911 0.00025879917184265007 0.00013990362194932378
0 1.0 0.07119307024829459 -1.827242645983128 0.00025879917184265007 0.00013990362194932378
0 1.0 0.02329404939499055 0.8932788782941429 0.00025879917184265007 0.00013990362194932378
0 1.0 0.028825491277592256 0.5784685467048938 0.00025879917184265007 0.00013990362194932378
0 1.0 0.034828740477010914 0.22419110333718917 0.00025879917184265007 0.00013990362194932378
0 1.0 0.034420729542799094 0.24576722664892783 0.00025879917184265007 0.00013990362194932378
0 1.0 0.03417024812630286 0.2590129940449936 0.00025879917184265007 0.00013990362194932378
0 1.0 0.032202094079993936 0.3631009826941177 0.00025879917184265007 0.00013990362194932378
0 1.0 0.03145437680091986 0.40265083076094677 0.00025879917184265007 0.00013990362194932378
0 1.0 0.03077634634465672 0.4385146556054088 0.00025879917184265007 0.00013990362194932378
0 1.0 0.02969626420779978 0.49564465060203433 0.00025879917184265007 0.00013990362194932378
0 1.0 0.018200984341663628 1.1034891643491103 0.00025879917184265007 0.00013990362194932378
0 1.0 -0.07284796568935556 5.911949637443909 0.00025879917184265007 0.00013990362194932378
0 1.0 0.09394521047635604 -2.6938081128878064 0.00025879917184265007 0.00013990362194932378
0 1.0 0.02975695543111895 0.5254512948105683 0.00025879917184265007 0.00013990362194932378
0 1.0 0.03051608589975907 0.48224296400774685 0.00025879917184265007 0.00013990362194932378
0 1.0 0.0328712539018832 0.34819106866715477 0.00025879917184265007 0.00013990362194932378
0 1.0 0.03317417631469523 0.3309516784616777 0.00025879917184265007 0.00013990362194932378
0 1.0 0.03368363884194816 0.30199349907003936 0.00025879917184265007 0.00013990362194932378
0 1.0 0.03427265617191622 0.2684939956413341 0.00025879917184265007 0.00013990362194932378
0 1.0 0.03515532607399815 0.21825660200024397 0.00025879917184265007 0.00013990362194932378
0 1.0 0.0352583421425542 0.20147323542368353 0.00025879917184265007 0.00013990362194932378
0 1.0 0.02677740773737781 0.6950185451061461 0.00025879917184265007 0.00013990362194932378
0 1.0 0.031146653980183837 0.4463521713993263 0.00025879917184265007 0.00013990362194932378
0 1.0 0.026188795697463622 0.6811284224430573 0.00025879917184265007 0.00013990362194932378
0 1.0 0.10846539000174435 -3.6605733774314477 0.00025879917184265007 0.00013990362194932378
0 1.0 0.06229580856148799 -1.1255264842711872 0.00025879917184265007 0.00013990362194932378
0 1.0 0.03252743943746279 0.36776036502287157 0.00025879917184265007 0.00013990362194932378
0 1.0 0.033443199581168634 0.315660222084959 0.00025879917184265007 0.00013990362194932378
0 1.0 0.03409519148260483 0.2785944459153285 0.00025879917184265007 0.00013990362194932378
0 1.0 0.03443477709637841 0.2592668398490567 0.00025879917184265007 0.00013990362194932378
0 1.0 0.03497980064284969 0.21620285475771073 0.00025879917184265007 0.00013990362194932378
0 1.0 0.03463186333453801 0.23460221036171985 0.00025879917184265007 0.00013990362194932378
0 1.0 0.033182186504611244 0.31126197944671363 0.00025879917184265007 0.00013990362194932378
0 1.0 0.02832460737597115 0.5681909643783578 0.00025879917184265007 0.00013990362194932378
0 1.0 0.028618768183974908 0.030125054825286653 0.00025879917184265007 0.00013990362194932378
0 1.0 0.02858524698905769 0.03104242445586816 0.00025879917184265007 0.00013990362194932378
0 1.0 0.028388066424183754 0.036438636088627095 0.00025879917184265007 0.00013990362194932378
0 1.0 0.028327943432652318 0.038084013190095425 0.00025879917184265007 0.00013990362194932378
0 1.0 0.028180153996477122 0.04212854503935423 0.00025879917184265007 0.00013990362194932378
0 1.0 0.027762383169509026 0.05355831377021451 0.00025879917184265007 0.00013990362194932378
0 1.0 0.027654861240863166 0.0565012843371877 0.00025879917184265007 0.00013990362194932378
0 1.0 0.02745264938466538 0.06203600221825523 0.00025879917184265007 0.00013990362194932378
0 1.0 0.02852361708191816 0.03126360106269284 0.00025879917184265007 0.00013990362194932378
0 1.0 0.026833551190559232 0.07898081348968683 0.00025879917184265007 0.00013990362194932378
0 1.0 0.026398478525592323 0.09088763283815311 0.00025879917184265007 0.00013990362194932378
0 1.0 0.02490826307162575 0.13167186095957328 0.00025879917184265007 0.00013990362194932378
0 1.0 0.023468982922168806 0.1710612207882252 0.00025879917184265007 0.00013990362194932378
0 1.0 0.022495532632180414 0.19770197083767713 0.00025879917184265007 0.00013990362194932378
0 1.0 0.021099570511927755 0.23590574796593494 0.00025879917184265007 0.00013990362194932378
0 1.0 0.01915397065960945 0.2893415748812411 0.00025879917184265007 0.00013990362194932378
0 1.0 0.015489887611202261 0.3908483049648797 0.00025879917184265007 0.00013990362194932378
0 1.0 -0.008029278613808947 1.0430929324826332 0.00025879917184265007 0.00013990362194932378
0 1.0 0.7299094775632509 -18.829044964190967 0.00025879917184265007 0.00013990362194932378
0 1.0 0.021520741342243722 0.23190122384812575 0.00025879917184265007 0.00013990362194932378
0 1.0 0.027728872624857633 0.0566920045037586 0.00025879917184265007 0.00013990362194932378
0 1.0 0.028188267234110574 0.04372879888915856 0.00025879917184265007 0.00013990362194932378
0 1.0 0.02846323804844225 0.035967641371330385 0.00025879917184265007 0.00013990362194932378
0 1.0 0.028686211518939343 0.02967412495053094 0.00025879917184265007 0.00013990362194932378
0 1.0 0.02871919126094203 0.02806736564639691 0.00025879917184265007 0.00013990362194932378
0 1.0 -0.444571131500914 14.475896243660594 0.00025879917184265007 0.00013990362194932378
0 1.0 -0.041974970035728275 2.186145403145402 0.00025879917184265007 0.00013990362194932378
0 1.0 -0.008854091414401435 1.1750892013334724 0.00025879917184265007 0.00013990362194932378
0 1.0 0.0034314022800377964 0.8000591565663019 0.00025879917184265007 0.00013990362194932378
0 1.0 0.009837715019926592 0.6044984560044333 0.00025879917184265007 0.00013990362194932378
0 1.0 0.013770181509261747 0.48445500311427564 0.00025879917184265007 0.00013990362194932378
0 1.0 0.016429877618446064 0.40326445630328883 0.00025879917184265007 0.00013990362194932378
0 1.0 0.01834863042339134 0.3446921296037549 0.00025879917184265007 0.00013990362194932378
0 1.0 0.032133831924267234 0.3901637914946014 0.00025879917184265007 0.00013990362194932378
0 1.0 0.031678773974458084 0.4160648654760351 0.00025879917184265007 0.00013990362194932378
0 1.0 0.006927893488584021 1.6994947203149147 0.00025879917184265007 0.00013990362194932378
0 1.0 0.03389982171195296 0.28970552498732677 0.00025879917184265007 0.00013990362194932378
0 1.0 0.034643541887929605 0.24738493588153634 0.00025879917184265007 0.00013990362194932378
0 1.0 0.03543809680057458 0.20160079596330088 0.00025879917184265007 0.00013990362194932378
0 1.0 0.03513881275514283 0.20779409740535135 0.00025879917184265007 0.00013990362194932378
0 1.0 0.02333546693162124 0.8320000443132969 0.00025879917184265007 0.00013990362194932378
0 1.0 0.03388222590084085 0.2742439510739672 0.00025879917184265007 0.00013990362194932378
0 1.0 0.033521815103720154 0.2933024457608594 0.00025879917184265007 0.00013990362194932378
0 1.0 0.03276072191624967 0.3335528544534849 0.00025879917184265007 0.00013990362194932378
0 1.0 0.04064622955310039 -0.29103105853843114 0.00025879917184265007 0.00013990362194932378
0 1.0 0.03961396505250914 -0.26375811089023415 0.00025879917184265007 0.00013990362194932378
0 1.0 0.03876838411348028 -0.24141743689704778 0.00025879917184265007 0.00013990362194932378
0 1.0 0.03806304239810146 -0.2227819537756208 0.00025879917184265007 0.00013990362194932378
0 1.0 0.03746571661894661 -0.20700030605405517 0.00025879917184265007 0.00013990362194932378
