0 1.0 0.014212400631273636 0.42627617733971945 0.00025879917184265007 0.00013990362194932378
0 1.0 0.05200607052938138 -0.6679230172871885 0.00025879917184265007 0.00013990362194932378
0 1.0 0.08729872264614515 -2.7428231391456617 0.00025879917184265007 0.00013990362194932378
0 1.0 0.30099044636375927 -14.890854709243984 0.00025879917184265007 0.00013990362194932378
0 1.0 0.10664822995811216 -4.158489212332559 0.00025879917184265007 0.00013990362194932378
0 1.0 0.08883177214012718 -3.3330370869590893 0.00025879917184265007 0.00013990362194932378
0 1.0 -0.018531362622851218 1.4229110969591483 0.00025879917184265007 0.00013990362194932378
0 1.0 0.00809025316884269 0.6362481663361034 0.00025879917184265007 0.00013990362194932378
0 1.0 0.01797564307127332 0.34413705437933406 0.00025879917184265007 0.00013990362194932378
0 1.0 0.02578752466684871 0.11554296085297502 0.00025879917184265007 0.00013990362194932378
0 1.0 0.02759419195835772 0.06292947973195118 0.00025879917184265007 0.00013990362194932378
0 1.0 0.028167955766585342 0.04622379872426134 0.00025879917184265007 0.00013990362194932378
0 1.0 0.028346975429374616 0.041009233328790036 0.00025879917184265007 0.00013990362194932378
0 1.0 0.028603563747625085 0.033537068048984035 0.00025879917184265007 0.00013990362194932378
0 1.0 0.028722653514980066 0.030069028541661547 0.00025879917184265007 0.00013990362194932378
0 1.0 0.02875975361255095 0.028988628378331 0.00025879917184265007 0.00013990362194932378
0 1.0 0.02871377594176841 0.02806550367126215 0.00025879917184265007 0.00013990362194932378
0 1.0 0.028653521510788683 0.02917396562159409 0.00025879917184265007 0.00013990362194932378
0 1.0 0.028394951994295824 0.036250199700077784 0.00025879917184265007 0.00013990362194932378
0 1.0 0.02823419272906376 0.0406496749611091 0.00025879917184265007 0.00013990362194932378
0 1.0 0.027818502298614916 0.052022283424750945 0.00025879917184265007 0.00013990362194932378
0 1.0 0.02726872692324702 0.06707014153575003 0.00025879917184265007 0.00013990362194932378
0 1.0 0.026472619069178284 0.0888585969322952 0.00025879917184265007 0.00013990362194932378
0 1.0 0.02544545950456027 0.11298350497977355 0.00025879917184265007 0.00013990362194932378
0 1.0 0.06251579384196797 -1.2319253350973975 0.00025879917184265007 0.00013990362194932378
0 1.0 0.05429358490588237 -0.8588050065074583 0.00025879917184265007 0.00013990362194932378
0 1.0 0.06254877821211274 -1.3358285157126801 0.00025879917184265007 0.00013990362194932378
0 1.0 -0.04886240786868093 4.997718625121334 0.00025879917184265007 0.00013990362194932378
0 1.0 -0.002034475051826201 2.3347206638445765 0.00025879917184265007 0.00013990362194932378
0 1.0 0.01295071702875752 1.481984466303807 0.00025879917184265007 0.00013990362194932378
0 1.0 0.020394419054549136 1.0583154955213916 0.00025879917184265007 0.00013990362194932378
0 1.0 0.02400263775269638 0.8529485562074323 0.00025879917184265007 0.00013990362194932378
0 1.0 0.024742815942679675 0.8714623690701906 0.00025879917184265007 0.00013990362194932378
0 1.0 0.03388860619935618 0.29034302197360784 0.00025879917184265007 0.00013990362194932378
0 1.0 0.0354261718957987 0.20284133958589623 0.00025879917184265007 0.00013990362194932378
0 1.0 0.03527428187836921 0.20063032246066345 0.00025879917184265007 0.00013990362194932378
0 1.0 0.03514461079158053 0.20748749006065478 0.00025879917184265007 0.00013990362194932378
0 1.0 0.032103415968299104 0.36832047465220585 0.00025879917184265007 0.00013990362194932378
0 1.0 0.03058821986515304 0.4484654403337417 0.00025879917184265007 0.00013990362194932378
0 1.0 0.018854717439460128 1.068922599880435 0.00025879917184265007 0.00013990362194932378
0 1.0 0.09453143921232816 -2.924923959265776 0.00025879917184265007 0.00013990362194932378
0 1.0 0.03501366801893871 0.226319108105489 0.00025879917184265007 0.00013990362194932378
0 1.0 0.03476572658777078 0.22752335581033376 0.00025879917184265007 0.00013990362194932378
0 1.0 0.03312267835780167 0.3144087655831368 0.00025879917184265007 0.00013990362194932378
0 1.0 0.0278259918593119 0.5945582498062132 0.00025879917184265007 0.00013990362194932378
0 1.0 -0.08729772201534865 6.674831249020125 0.00025879917184265007 0.00013990362194932378
0 1.0 0.07555328042655034 -1.7877470359290275 0.00025879917184265007 0.00013990362194932378
0 1.0 0.028597304922545703 0.03071243675653956 0.00025879917184265007 0.00013990362194932378
0 1.0 0.02851181759163838 0.03305195601793595 0.00025879917184265007 0.00013990362194932378
0 1.0 0.26676364666586116 -6.3772026505881945 0.00025879917184265007 0.00013990362194932378
0 1.0 0.02802448336708967 0.04638520811017422 0.00025879917184265007 0.00013990362194932378
0 1.0 0.02758006814248509 0.05854843778682847 0.00025879917184265007 0.00013990362194932378
0 1.0 0.026916610997479006 0.07670768029666618 0.00025879917184265007 0.00013990362194932378
0 1.0 0.025995615817384177 0.10191294855003093 0.00025879917184265007 0.00013990362194932378
0 1.0 0.024558279261458243 0.14125007192602773 0.00025879917184265007 0.00013990362194932378
0 1.0 0.02251088208083239 0.19728189717891959 0.00025879917184265007 0.00013990362194932378
0 1.0 0.009873303169988745 0.5293866690219139 0.00025879917184265007 0.00013990362194932378
0 1.0 -0.04755298793147625 2.073313168511272 0.00025879917184265007 0.00013990362194932378
0 1.0 -0.444571131500914 14.475896243660594 0.00025879917184265007 0.00013990362194932378
0 1.0 -0.041974970035728275 2.186145403145402 0.00025879917184265007 0.00013990362194932378
0 1.0 -0.008854091414401435 1.1750892013334724 0.00025879917184265007 0.00013990362194932378
0 1.0 0.0034314022800377964 0.8000591565663019 0.00025879917184265007 0.00013990362194932378
0 1.0 0.009837715019926592 0.6044984560044333 0.00025879917184265007 0.00013990362194932378
0 1.0 0.013770181509261747 0.48445500311427564 0.00025879917184265007 0.00013990362194932378
0 1.0 0.016430152693957145 0.40325605927962643 0.00025879917184265007 0.00013990362194932378
0 1.0 0.01835249240270991 0.3445742378598198 0.00025879917184265007 0.00013990362194932378
0 1.0 0.03381054531834276 0.2780344146549896 0.00025879917184265007 0.00013990362194932378
0 1.0 0.03433529397753633 0.25028516510780324 0.00025879917184265007 0.00013990362194932378
0 1.0 -0.005385982823345994 2.194550875100167 0.00025879917184265007 0.00013990362194932378
0 1.0 0.06257089494906838 -1.139355135983648 0.00025879917184265007 0.00013990362194932378
0 1.0 0.04064622955310039 -0.29103105853843114 0.00025879917184265007 0.00013990362194932378
0 1.0 0.03961396505250914 -0.26375811089023415 0.00025879917184265007 0.00013990362194932378
0 1.0 0.03876838411348028 -0.24141743689704778 0.00025879917184265007 0.00013990362194932378
0 1.0 0.03806304239810146 -0.2227819537756208 0.00025879917184265007 0.00013990362194932378
0 1.0 0.03746571661894661 -0.20700030605405517 0.00025879917184265007 0.00013990362194932378
