0 1.0 0.05639631902465301 -0.9825969749359121 0.00025879917184265007 0.00013990362194932378
0 1.0 0.05640061697689547 -1.0708705998664516 0.00025879917184265007 0.00013990362194932378
0 1.0 0.06229902477728498 -1.4333163485870102 0.00025879917184265007 0.00013990362194932378
0 1.0 0.14615828310632867 -6.586305545131568 0.00025879917184265007 0.00013990362194932378
0 1.0 0.07539368864343608 -2.2379581112162032 0.00025879917184265007 0.00013990362194932378
0 1.0 0.09553284749959698 -3.780321855907822 0.00025879917184265007 0.00013990362194932378
0 1.0 0.027756072518327193 0.05163918307577777 0.00025879917184265007 0.00013990362194932378
0 1.0 0.027729697826759814 0.05445294059558689 0.00025879917184265007 0.00013990362194932378
0 1.0 0.027376383569483055 0.06171672990204524 0.00025879917184265007 0.00013990362194932378
0 1.0 0.028011948427004243 0.04484979618924001 0.00025879917184265007 0.00013990362194932378
0 1.0 0.05215166329782843 -0.7326557592583095 0.00025879917184265007 0.00013990362194932378
0 1.0 -0.018531362622851218 1.4229110969591483 0.00025879917184265007 0.00013990362194932378
0 1.0 -0.00040060107598692535 0.8871510542748122 0.00025879917184265007 0.00013990362194932378
0 1.0 0.024391828070252728 0.15618818330637185 0.00025879917184265007 0.00013990362194932378
0 1.0 0.02564825736171554 0.11959866387434742 0.00025879917184265007 0.00013990362194932378
0 1.0 0.025885531414801998 0.1126888360933352 0.00025879917184265007 0.00013990362194932378
0 1.0 0.02609982970550766 0.10644810195793426 0.00025879917184265007 0.00013990362194932378
0 1.0 0.026471671913871824 0.09561949300383331 0.00025879917184265007 0.00013990362194932378
0 1.0 0.026634013293545245 0.09089189620141463 0.00025879917184265007 0.00013990362194932378
0 1.0 0.026920727124971754 0.08254240825577776 0.00025879917184265007 0.00013990362194932378
0 1.0 0.027047948249583387 0.07883755997172323 0.00025879917184265007 0.00013990362194932378
0 1.0 0.027275744120177834 0.07220360480502298 0.00025879917184265007 0.00013990362194932378
0 1.0 0.02737811197925188 0.06922220944875493 0.00025879917184265007 0.00013990362194932378
0 1.0 0.007547380382717353 0.6522899385647493 0.00025879917184265007 0.00013990362194932378
0 1.0 0.027473802074459288 0.06643529949408011 0.00025879917184265007 0.00013990362194932378
0 1.0 0.027647824427755964 0.06136798191429069 0.00025879917184265007 0.00013990362194932378
0 1.0 0.027727353100754505 0.05905252169547226 0.00025879917184265007 0.00013990362194932378
0 1.0 0.027878904824411254 0.05464012583886081 0.00025879917184265007 0.00013990362194932378
0 1.0 0.02795106982975543 0.05253905722090062 0.00025879917184265007 0.00013990362194932378
0 1.0 0.028182000647299178 0.04581457434380388 0.00025879917184265007 0.00013990362194932378
0 1.0 0.02837350281558282 0.04023672343613198 0.00025879917184265007 0.00013990362194932378
0 1.0 0.02860207876074256 0.03358031268108682 0.00025879917184265007 0.00013990362194932378
0 1.0 0.028720930622455378 0.030119201276693403 0.00025879917184265007 0.00013990362194932378
0 1.0 0.02875975361255095 0.028988628378331 0.00025879917184265007 0.00013990362194932378
0 1.0 0.012232049845930104 0.5138589793860388 0.00025879917184265007 0.00013990362194932378
0 1.0 0.015309552152119819 0.42291945857972735 0.00025879917184265007 0.00013990362194932378
0 1.0 0.01749119388734505 0.35845242192685384 0.00025879917184265007 0.00013990362194932378
0 1.0 0.02133812437693726 0.2451157934436181 0.00025879917184265007 0.00013990362194932378
0 1.0 0.02217733676852146 0.22067689567350743 0.00025879917184265007 0.00013990362194932378
0 1.0 0.022872997361839276 0.2004184029566695 0.00025879917184265007 0.00013990362194932378
0 1.0 0.023459046962174677 0.18335191726789857 0.00025879917184265007 0.00013990362194932378
0 1.0 0.02395949899775119 0.16877813802089447 0.00025879917184265007 0.00013990362194932378
0 1.0 0.024769061548930264 0.14520268009727283 0.00025879917184265007 0.00013990362194932378
0 1.0 0.028387543146079667 0.03645295656384352 0.00025879917184265007 0.00013990362194932378
0 1.0 0.028180452696802628 0.042120370551304534 0.00025879917184265007 0.00013990362194932378
0 1.0 0.027879423752151185 0.05035480919960958 0.00025879917184265007 0.00013990362194932378
0 1.0 0.028032445047005677 0.04616760227373606 0.00025879917184265007 0.00013990362194932378
0 1.0 0.02796054676183032 0.04813440046255741 0.00025879917184265007 0.00013990362194932378
0 1.0 0.02860598646501538 0.029076141986534593 0.00025879917184265007 0.00013990362194932378
0 1.0 0.028387063619455016 0.03489001053201361 0.00025879917184265007 0.00013990362194932378
0 1.0 0.026324056324829627 0.09292437697620207 0.00025879917184265007 0.00013990362194932378
0 1.0 0.0266476607313893 0.08106544879667768 0.00025879917184265007 0.00013990362194932378
0 1.0 0.024134972466126968 0.1528348550881855 0.00025879917184265007 0.00013990362194932378
0 1.0 0.02629433599412494 0.10078375074782889 0.00025879917184265007 0.00013990362194932378
0 1.0 0.020777383134516436 0.23690363575897366 0.00025879917184265007 0.00013990362194932378
0 1.0 0.026783185063717352 0.08654781593613926 0.00025879917184265007 0.00013990362194932378
0 1.0 0.027165969239009487 0.07540063185548056 0.00025879917184265007 0.00013990362194932378
0 1.0 0.027563459697192417 0.06382424290955249 0.00025879917184265007 0.00013990362194932378
0 1.0 0.027802437938385417 0.05686644278813294 0.00025879917184265007 0.00013990362194932378
0 1.0 0.028066421063288362 0.04918063085256358 0.00025879917184265007 0.00013990362194932378
0 1.0 0.028504121208744692 0.03326258180109908 0.00025879917184265007 0.00013990362194932378
0 1.0 0.02844878484457304 0.03477696397283374 0.00025879917184265007 0.00013990362194932378
0 1.0 0.6329624886878333 -33.76293258097337 0.00025879917184265007 0.00013990362194932378
0 1.0 0.008318350763102585 1.8813491310365313 0.00025879917184265007 0.00013990362194932378
0 1.0 0.01668800282927217 1.3667265401957112 0.00025879917184265007 0.00013990362194932378
0 1.0 0.024126471489795617 0.9093593780122438 0.00025879917184265007 0.00013990362194932378
0 1.0 0.06661479888408663 -1.4509193769830702 0.00025879917184265007 0.00013990362194932378
0 1.0 0.05789895201757374 -0.9823415486254194 0.00025879917184265007 0.00013990362194932378
0 1.0 0.06276780752330108 -1.3482799805649546 0.00025879917184265007 0.00013990362194932378
0 1.0 0.10941038915884535 -3.9998358965453247 0.00025879917184265007 0.00013990362194932378
0 1.0 0.003568614655025386 2.0159802714397204 0.00025879917184265007 0.00013990362194932378
0 1.0 0.020025847327876427 1.0792932836646911 0.00025879917184265007 0.00013990362194932378
0 1.0 0.07599146782174386 -2.100023847772562 0.00025879917184265007 0.00013990362194932378
0 1.0 0.02329404939499055 0.8932788782941429 0.00025879917184265007 0.00013990362194932378
0 1.0 0.028825491277592256 0.5784685467048938 0.00025879917184265007 0.00013990362194932378
0 1.0 0.03460060137093724 0.23625538169870908 0.00025879917184265007 0.00013990362194932378
0 1.0 0.03410418112515129 0.2625066988557165 0.00025879917184265007 0.00013990362194932378
0 1.0 0.0338545500052084 0.2757074502645565 0.00025879917184265007 0.00013990362194932378
0 1.0 0.031651658366015564 0.3922157958295827 0.00025879917184265007 0.00013990362194932378
0 1.0 0.03076399502676485 0.4391679677057445 0.00025879917184265007 0.00013990362194932378
0 1.0 0.02955080399339738 0.503338640750968 0.00025879917184265007 0.00013990362194932378
0 1.0 0.028091170909031054 0.580535317386699 0.00025879917184265007 0.00013990362194932378
0 1.0 -0.011225908151735608 2.6585104298994557 0.00025879917184265007 0.00013990362194932378
0 1.0 0.10949261400309485 -3.4589382522237715 0.00025879917184265007 0.00013990362194932378
0 1.0 0.02975695543111895 0.5254512948105683 0.00025879917184265007 0.00013990362194932378
0 1.0 0.03051608589975907 0.48224296400774685 0.00025879917184265007 0.00013990362194932378
0 1.0 0.0328712539018832 0.34819106866715477 0.00025879917184265007 0.00013990362194932378
0 1.0 0.03317417631469523 0.3309516784616777 0.00025879917184265007 0.00013990362194932378
0 1.0 0.033683652831700384 0.30199270388348015 0.00025879917184265007 0.00013990362194932378
0 1.0 0.03427698911899145 0.2682473847992404 0.00025879917184265007 0.00013990362194932378
0 1.0 0.03543765171265309 0.20154366042357635 0.00025879917184265007 0.00013990362194932378
0 1.0 0.035128680678594114 0.20832989415658673 0.00025879917184265007 0.00013990362194932378
0 1.0 0.02677740773737781 0.6950185451061461 0.00025879917184265007 0.00013990362194932378
0 1.0 0.031146653980183837 0.4463521713993263 0.00025879917184265007 0.00013990362194932378
0 1.0 0.023800050819586093 0.8074348678390255 0.00025879917184265007 0.00013990362194932378
0 1.0 0.07677372412586823 -1.8483895387044167 0.00025879917184265007 0.00013990362194932378
0 1.0 0.06229580856148799 -1.1255264842711872 0.00025879917184265007 0.00013990362194932378
0 1.0 0.03252743943746279 0.36776036502287157 0.00025879917184265007 0.00013990362194932378
0 1.0 0.033443199581168634 0.315660222084959 0.00025879917184265007 0.00013990362194932378
0 1.0 0.03409560542653075 0.27857088618603365 0.00025879917184265007 0.00013990362194932378
0 1.0 0.034493455920774796 0.2559271188586346 0.00025879917184265007 0.00013990362194932378
0 1.0 0.03479891348432036 0.2257683916359767 0.00025879917184265007 0.00013990362194932378
0 1.0 0.034380310870294986 0.24790461608857525 0.00025879917184265007 0.00013990362194932378
0 1.0 0.03271938349928831 0.33573941367299154 0.00025879917184265007 0.00013990362194932378
0 1.0 0.026426463970582535 0.6685615572917984 0.00025879917184265007 0.00013990362194932378
0 1.0 0.028599563389932102 0.03065062961043223 0.00025879917184265007 0.00013990362194932378
0 1.0 0.028547655978939514 0.03207117212284323 0.00025879917184265007 0.00013990362194932378
0 1.0 0.028326640566236353 0.03811966854443658 0.00025879917184265007 0.00013990362194932378
0 1.0 0.02824387329814328 0.04038474824527371 0.00025879917184265007 0.00013990362194932378
0 1.0 0.028115031271033642 0.0439103846328022 0.00025879917184265007 0.00013990362194932378
0 1.0 0.027543352437919843 0.059553379190336125 0.00025879917184265007 0.00013990362194932378
0 1.0 0.02723124676975265 0.06809601368388411 0.00025879917184265007 0.00013990362194932378
0 1.0 0.026799985821825138 0.07989941126441001 0.00025879917184265007 0.00013990362194932378
0 1.0 0.028247720368037726 0.038590507592364126 0.00025879917184265007 0.00013990362194932378
0 1.0 0.025747808903221134 0.10869486655352921 0.00025879917184265007 0.00013990362194932378
0 1.0 0.025057652646875934 0.12758318198767213 0.00025879917184265007 0.00013990362194932378
0 1.0 0.02320313040158365 0.17833689847178724 0.00025879917184265007 0.00013990362194932378
0 1.0 0.0222549034192272 0.20428735355604877 0.00025879917184265007 0.00013990362194932378
0 1.0 0.02047061967054727 0.2531184627094998 0.00025879917184265007 0.00013990362194932378
0 1.0 0.018168174351276562 0.31657279194487503 0.00025879917184265007 0.00013990362194932378
0 1.0 0.012782387294642254 0.46593398268762587 0.00025879917184265007 0.00013990362194932378
0 1.0 -0.045759621644057794 2.025097870581886 0.00025879917184265007 0.00013990362194932378
0 1.0 0.26676364666586116 -6.3772026505881945 0.00025879917184265007 0.00013990362194932378
0 1.0 0.025275958949754138 0.12592968703533275 0.00025879917184265007 0.00013990362194932378
0 1.0 0.028215938541031473 0.04294777002643702 0.00025879917184265007 0.00013990362194932378
0 1.0 0.028560356773601744 0.033226426059052544 0.00025879917184265007 0.00013990362194932378
0 1.0 0.028682864887845914 0.029768584967204206 0.00025879917184265007 0.00013990362194932378
0 1.0 0.02869957639364913 0.028107657996871 0.00025879917184265007 0.00013990362194932378
0 1.0 0.02865033897649896 0.029261061571272874 0.00025879917184265007 0.00013990362194932378
0 1.0 -0.444571131500914 14.475896243660594 0.00025879917184265007 0.00013990362194932378
0 1.0 -0.041974970035728275 2.186145403145402 0.00025879917184265007 0.00013990362194932378
0 1.0 -0.008854091414401435 1.1750892013334724 0.00025879917184265007 0.00013990362194932378
0 1.0 0.0034314022800377964 0.8000591565663019 0.00025879917184265007 0.00013990362194932378
0 1.0 0.009837715019926592 0.6044984560044333 0.00025879917184265007 0.00013990362194932378
0 1.0 0.013770181509261747 0.48445500311427564 0.00025879917184265007 0.00013990362194932378
0 1.0 0.016429877618446064 0.40326445630328883 0.00025879917184265007 0.00013990362194932378
0 1.0 0.01834863042339134 0.3446921296037549 0.00025879917184265007 0.00013990362194932378
0 1.0 0.032133831924267234 0.3901637914946014 0.00025879917184265007 0.00013990362194932378
0 1.0 0.031678773974458084 0.4160648654760351 0.00025879917184265007 0.00013990362194932378
0 1.0 0.11950755271326781 -4.243549497900689 0.00025879917184265007 0.00013990362194932378
0 1.0 0.03389987113974436 0.2897027154797118 0.00025879917184265007 0.00013990362194932378
0 1.0 0.0351953749924979 0.21597720708848034 0.00025879917184265007 0.00013990362194932378
0 1.0 0.035260541817330904 0.20135691389833102 0.00025879917184265007 0.00013990362194932378
0 1.0 0.0349598366942505 0.21725857307466687 0.00025879917184265007 0.00013990362194932378
0 1.0 0.01839816119915628 1.0930633092421538 0.00025879917184265007 0.00013990362194932378
0 1.0 0.03351511970046705 0.29365649815980527 0.00025879917184265007 0.00013990362194932378
0 1.0 0.03310481144863997 0.3153535663384125 0.00025879917184265007 0.00013990362194932378
0 1.0 0.03217280405831222 0.3646502526385254 0.00025879917184265007 0.00013990362194932378
0 1.0 0.04064622955310039 -0.29103105853843114 0.00025879917184265007 0.00013990362194932378
0 1.0 0.03961396505250914 -0.26375811089023415 0.00025879917184265007 0.00013990362194932378
0 1.0 0.03876838411348028 -0.24141743689704778 0.00025879917184265007 0.00013990362194932378
0 1.0 0.03806304239810146 -0.2227819537756208 0.00025879917184265007 0.00013990362194932378
0 1.0 0.03746571661894661 -0.20700030605405517 0.00025879917184265007 0.00013990362194932378
