0 1.0 0.056344220485006875 -0.9795779300898183 0.00025879917184265007 0.00013990362194932378
0 1.0 0.06735364483607034 -1.7439129729139073 0.00025879917184265007 0.00013990362194932378
0 1.0 0.08586629961887791 -2.8814797961364267 0.00025879917184265007 0.00013990362194932378
0 1.0 0.1674583775311774 -7.895155141987645 0.00025879917184265007 0.00013990362194932378
0 1.0 0.09135703862492865 -3.501594098423255 0.00025879917184265007 0.00013990362194932378
0 1.0 0.02488067203007201 0.14195244551297748 0.00025879917184265007 0.00013990362194932378
0 1.0 0.02666555870966358 0.08997325174568753 0.00025879917184265007 0.00013990362194932378
0 1.0 0.027262923615935155 0.07257699340726485 0.00025879917184265007 0.00013990362194932378
0 1.0 0.02807442206081462 0.04894768352948629 0.00025879917184265007 0.00013990362194932378
0 1.0 0.02858478184998393 0.03408401985255803 0.00025879917184265007 0.00013990362194932378
0 1.0 0.0287150401705626 0.030290738431680262 0.00025879917184265007 0.00013990362194932378
0 1.0 0.02875975361255095 0.028988628378331 0.00025879917184265007 0.00013990362194932378
0 1.0 0.028237462023239398 0.04056020466634261 0.00025879917184265007 0.00013990362194932378
0 1.0 0.028056351148887534 0.04551420910158385 0.00025879917184265007 0.00013990362194932378
0 1.0 0.027367432830676573 0.06436845489434108 0.00025879917184265007 0.00013990362194932378
0 1.0 0.026683429295925275 0.08308926346503029 0.00025879917184265007 0.00013990362194932378
0 1.0 0.02559362118381843 0.11291464079629204 0.00025879917184265007 0.00013990362194932378
0 1.0 0.023005560751859798 0.17775175875326518 0.00025879917184265007 0.00013990362194932378
0 1.0 0.02104711435578098 0.2297430270621388 0.00025879917184265007 0.00013990362194932378
0 1.0 0.06679156202073902 -1.577023966596882 0.00025879917184265007 0.00013990362194932378
0 1.0 0.09039994226117591 -2.9191224975568586 0.00025879917184265007 0.00013990362194932378
0 1.0 0.18585710625173193 -8.345709084886444 0.00025879917184265007 0.00013990362194932378
0 1.0 0.003651908344855644 2.0112394916878236 0.00025879917184265007 0.00013990362194932378
0 1.0 0.013904909549793659 1.4276752312061447 0.00025879917184265007 0.00013990362194932378
0 1.0 0.01970764266010418 1.0974043584533062 0.00025879917184265007 0.00013990362194932378
0 1.0 0.02541284245962798 0.7726847338905133 0.00025879917184265007 0.00013990362194932378
0 1.0 0.035406610272190574 0.1989226694298343 0.00025879917184265007 0.00013990362194932378
0 1.0 0.03475802387708744 0.22793068468709385 0.00025879917184265007 0.00013990362194932378
0 1.0 0.03378091421459838 0.27960130509720227 0.00025879917184265007 0.00013990362194932378
0 1.0 0.03283799730527932 0.3294654406930134 0.00025879917184265007 0.00013990362194932378
0 1.0 -0.027460333842165858 3.5156884861798017 0.00025879917184265007 0.00013990362194932378
0 1.0 0.10135955344731241 -3.285417428781288 0.00025879917184265007 0.00013990362194932378
0 1.0 0.09394521047635604 -2.6938081128878064 0.00025879917184265007 0.00013990362194932378
0 1.0 0.03521322496795362 0.20385908747085846 0.00025879917184265007 0.00013990362194932378
0 1.0 0.03014549876128641 0.47188278387244736 0.00025879917184265007 0.00013990362194932378
0 1.0 0.014103813575557605 1.3201297442786604 0.00025879917184265007 0.00013990362194932378
0 1.0 0.0658230615608162 -1.4086199031465771 0.00025879917184265007 0.00013990362194932378
0 1.0 0.06163320249540089 -1.0922171351933068 0.00025879917184265007 0.00013990362194932378
0 1.0 0.027877905300017315 0.050396370581493315 0.00025879917184265007 0.00013990362194932378
0 1.0 0.027606735803753845 0.05781852024170691 0.00025879917184265007 0.00013990362194932378
0 1.0 0.02633480521603125 0.09263020748213864 0.00025879917184265007 0.00013990362194932378
0 1.0 0.025146448877869678 0.12515289672954671 0.00025879917184265007 0.00013990362194932378
0 1.0 0.022242024970821922 0.20463980249824756 0.00025879917184265007 0.00013990362194932378
0 1.0 0.013670069937880225 0.4413163483100516 0.00025879917184265007 0.00013990362194932378
0 1.0 -0.0578954635510922 2.3513743469919413 0.00025879917184265007 0.00013990362194932378
0 1.0 0.26676364666586116 -6.3772026505881945 0.00025879917184265007 0.00013990362194932378
0 1.0 -0.444571131500914 14.475896243660594 0.00025879917184265007 0.00013990362194932378
0 1.0 -0.041974970035728275 2.186145403145402 0.00025879917184265007 0.00013990362194932378
0 1.0 -0.00885361871886403 1.1750747717115948 0.00025879917184265007 0.00013990362194932378
0 1.0 0.0034469185788491307 0.799585502158708 0.00025879917184265007 0.00013990362194932378
0 1.0 0.010172285056605184 0.594285287616246 0.00025879917184265007 0.00013990362194932378
0 1.0 0.01671200868662994 0.39465205294670913 0.00025879917184265007 0.00013990362194932378
0 1.0 0.019604788574194155 0.3063463325810866 0.00025879917184265007 0.00013990362194932378
0 1.0 0.023853052055335167 0.804632392886149 0.00025879917184265007 0.00013990362194932378
0 1.0 0.027166113414308735 0.6294521099241178 0.00025879917184265007 0.00013990362194932378
0 1.0 0.04064622955310039 -0.29103105853843114 0.00025879917184265007 0.00013990362194932378
0 1.0 0.03961396505250914 -0.26375811089023415 0.00025879917184265007 0.00013990362194932378
0 1.0 0.038768208044891575 -0.241412785076318 0.00025879917184265007 0.00013990362194932378
0 1.0 0.03806163394660724 -0.22274474177826445 0.00025879917184265007 0.00013990362194932378
0 1.0 0.03745294219507651 -0.20666279934599188 0.00025879917184265007 0.00013990362194932378
