0 1.0 0.028432018188782902 0.03369616547704935 0.00025879917184265007 0.00013990362194932378
0 1.0 0.13323372802266165 -5.792116638106428 0.00025879917184265007 0.00013990362194932378
0 1.0 0.08937041431319835 -3.3689904865261835 0.00025879917184265007 0.00013990362194932378
0 1.0 0.026990156461981406 0.07469491493877667 0.00025879917184265007 0.00013990362194932378
0 1.0 0.026488478041855362 0.08842457765707226 0.00025879917184265007 0.00013990362194932378
0 1.0 0.023692480045483875 0.16494469787971644 0.00025879917184265007 0.00013990362194932378
0 1.0 0.015470354340220501 0.39139001086269193 0.00025879917184265007 0.00013990362194932378
0 1.0 -0.06137030340158224 2.5223714286360224 0.00025879917184265007 0.00013990362194932378
0 1.0 0.06950520450655162 -1.1155619739616245 0.00025879917184265007 0.00013990362194932378
0 1.0 0.051699060312933816 -0.6982474539129296 0.00025879917184265007 0.00013990362194932378
0 1.0 0.11588578191954287 -4.36795158356036 0.00025879917184265007 0.00013990362194932378
0 1.0 -0.018531362622851218 1.4229110969591483 0.00025879917184265007 0.00013990362194932378
0 1.0 -0.00040060107598692535 0.8871510542748122 0.00025879917184265007 0.00013990362194932378
0 1.0 0.02514922908011573 0.13413173366782546 0.00025879917184265007 0.00013990362194932378
0 1.0 0.026487419848390672 0.09516089221439972 0.00025879917184265007 0.00013990362194932378
0 1.0 0.02730346051829604 0.07139638326703697 0.00025879917184265007 0.00013990362194932378
0 1.0 0.02759759695195743 0.06283034407523506 0.00025879917184265007 0.00013990362194932378
0 1.0 0.028048164081541743 0.04971217895158404 0.00025879917184265007 0.00013990362194932378
0 1.0 0.02827231948925087 0.04318330550607184 0.00025879917184265007 0.00013990362194932378
0 1.0 0.02856252426244989 0.034732187991770684 0.00025879917184265007 0.00013990362194932378
0 1.0 0.02869596338647312 0.030846277688867517 0.00025879917184265007 0.00013990362194932378
0 1.0 0.028753841441640105 0.029160798017656208 0.00025879917184265007 0.00013990362194932378
0 1.0 0.007547380382717353 0.6522899385647493 0.00025879917184265007 0.00013990362194932378
0 1.0 0.012232049845930104 0.5138589793860388 0.00025879917184265007 0.00013990362194932378
0 1.0 0.015309552152119819 0.42291945857972735 0.00025879917184265007 0.00013990362194932378
0 1.0 0.01749119388734505 0.35845242192685384 0.00025879917184265007 0.00013990362194932378
0 1.0 0.02133812437693726 0.2451157934436181 0.00025879917184265007 0.00013990362194932378
0 1.0 0.02217752521983689 0.2206714077392513 0.00025879917184265007 0.00013990362194932378
0 1.0 0.02287539467095363 0.20034859036458158 0.00025879917184265007 0.00013990362194932378
0 1.0 0.023476758234272487 0.18283614322485825 0.00025879917184265007 0.00013990362194932378
0 1.0 0.024305200521156686 0.15871088415977147 0.00025879917184265007 0.00013990362194932378
0 1.0 0.02587280006032646 0.11305959499301486 0.00025879917184265007 0.00013990362194932378
0 1.0 0.025676445233591822 0.11064793114348069 0.00025879917184265007 0.00013990362194932378
0 1.0 0.023000584012552516 0.17788387724736632 0.00025879917184265007 0.00013990362194932378
0 1.0 0.02122551871492853 0.22500689084596048 0.00025879917184265007 0.00013990362194932378
0 1.0 0.02787267247810127 0.05482157926196674 0.00025879917184265007 0.00013990362194932378
0 1.0 0.028320196365320606 0.040005050752714905 0.00025879917184265007 0.00013990362194932378
0 1.0 0.02872288043910432 0.028639129842472643 0.00025879917184265007 0.00013990362194932378
0 1.0 0.028628878343855146 0.029848371560941316 0.00025879917184265007 0.00013990362194932378
0 1.0 0.028531712428463193 0.032507496933063575 0.00025879917184265007 0.00013990362194932378
0 1.0 0.028478396799686268 0.0339665779352802 0.00025879917184265007 0.00013990362194932378
0 1.0 0.027827852659559123 0.05176635575124335 0.00025879917184265007 0.00013990362194932378
0 1.0 0.02751289211836277 0.06038710515717852 0.00025879917184265007 0.00013990362194932378
0 1.0 -0.04547931410079646 4.467008936749315 0.00025879917184265007 0.00013990362194932378
0 1.0 -0.005625910871887942 2.7387362712937486 0.00025879917184265007 0.00013990362194932378
0 1.0 0.010522452075004608 1.7458261345440722 0.00025879917184265007 0.00013990362194932378
0 1.0 0.017857769652694637 1.2948013958061801 0.00025879917184265007 0.00013990362194932378
0 1.0 0.024126471489795617 0.9093593780122438 0.00025879917184265007 0.00013990362194932378
0 1.0 0.06621374571119473 -1.4294926516094133 0.00025879917184265007 0.00013990362194932378
0 1.0 0.055681391335015755 -0.9405403677384413 0.00025879917184265007 0.00013990362194932378
0 1.0 0.0710338819339957 -1.8181930457737787 0.00025879917184265007 0.00013990362194932378
0 1.0 -0.3118629868684502 19.948879489289173 0.00025879917184265007 0.00013990362194932378
0 1.0 0.009514121764548954 1.6775832118659197 0.00025879917184265007 0.00013990362194932378
0 1.0 0.018009236326305553 1.1940715894786162 0.00025879917184265007 0.00013990362194932378
0 1.0 0.021986845437229705 0.9676802653282092 0.00025879917184265007 0.00013990362194932378
0 1.0 -0.02268256372523907 3.5089801514048586 0.00025879917184265007 0.00013990362194932378
0 1.0 0.024669954220749284 0.814967282880464 0.00025879917184265007 0.00013990362194932378
0 1.0 0.029756365796017748 0.5254848557721635 0.00025879917184265007 0.00013990362194932378
0 1.0 0.030730655776250608 0.44093141804907965 0.00025879917184265007 0.00013990362194932378
0 1.0 0.02115649192986535 0.9472147705183839 0.00025879917184265007 0.00013990362194932378
0 1.0 0.10702417938792322 -3.5844839921928604 0.00025879917184265007 0.00013990362194932378
0 1.0 0.030515592793742632 0.4822710307087424 0.00025879917184265007 0.00013990362194932378
0 1.0 0.031146241763099755 0.44637563404885594 0.00025879917184265007 0.00013990362194932378
0 1.0 0.03538050100527522 0.20544071053958482 0.00025879917184265007 0.00013990362194932378
0 1.0 0.03529813150234335 0.19936912481948052 0.00025879917184265007 0.00013990362194932378
0 1.0 0.03502151891554515 0.2139967408510616 0.00025879917184265007 0.00013990362194932378
0 1.0 0.03449779378770683 0.2416919739739788 0.00025879917184265007 0.00013990362194932378
0 1.0 0.03370855573913098 0.2834276156052792 0.00025879917184265007 0.00013990362194932378
0 1.0 0.033038248763543804 0.318873395906189 0.00025879917184265007 0.00013990362194932378
0 1.0 0.028824767300410056 0.5785097541743263 0.00025879917184265007 0.00013990362194932378
0 1.0 0.03168792908624767 0.41554377310116275 0.00025879917184265007 0.00013990362194932378
0 1.0 0.03505597805679127 0.22391102098078375 0.00025879917184265007 0.00013990362194932378
0 1.0 0.03516580556788533 0.20636668405088324 0.00025879917184265007 0.00013990362194932378
0 1.0 0.03468931815296872 0.23156392843501386 0.00025879917184265007 0.00013990362194932378
0 1.0 0.03426886663567607 0.25379792518129624 0.00025879917184265007 0.00013990362194932378
0 1.0 0.031936297559432995 0.3771600559549267 0.00025879917184265007 0.00013990362194932378
0 1.0 0.02882358443013934 0.541804280161761 0.00025879917184265007 0.00013990362194932378
0 1.0 0.025251765862291876 0.12661259567030303 0.00025879917184265007 0.00013990362194932378
0 1.0 0.02675435670828862 0.08419489749094067 0.00025879917184265007 0.00013990362194932378
0 1.0 0.028078821990083144 0.04490004396992476 0.00025879917184265007 0.00013990362194932378
0 1.0 0.027975385811751376 0.04772824250287861 0.00025879917184265007 0.00013990362194932378
0 1.0 0.024847651247467267 0.13333072891502298 0.00025879917184265007 0.00013990362194932378
0 1.0 0.022327718679749243 0.2022945931908775 0.00025879917184265007 0.00013990362194932378
0 1.0 0.018086057539358477 0.31885009416256566 0.00025879917184265007 0.00013990362194932378
0 1.0 -0.02118068180225802 1.3642842288988564 0.00025879917184265007 0.00013990362194932378
0 1.0 0.5052558497346308 -12.789151344765221 0.00025879917184265007 0.00013990362194932378
0 1.0 0.028632965458843074 0.031177016540331524 0.00025879917184265007 0.00013990362194932378
0 1.0 0.028674462358753237 0.028600880503096848 0.00025879917184265007 0.00013990362194932378
0 1.0 0.028579645177032435 0.031195728424920886 0.00025879917184265007 0.00013990362194932378
0 1.0 0.028423595553638405 0.03546631560771371 0.00025879917184265007 0.00013990362194932378
0 1.0 0.02836675484709782 0.03702186689667895 0.00025879917184265007 0.00013990362194932378
0 1.0 0.028297826802766848 0.038908210588207946 0.00025879917184265007 0.00013990362194932378
0 1.0 0.02822837176541346 0.040808976420579554 0.00025879917184265007 0.00013990362194932378
0 1.0 0.028145011049057284 0.043090296933095046 0.00025879917184265007 0.00013990362194932378
0 1.0 -0.444571131500914 14.475896243660594 0.00025879917184265007 0.00013990362194932378
0 1.0 -0.041974970035728275 2.186145403145402 0.00025879917184265007 0.00013990362194932378
0 1.0 -0.008854091414401435 1.1750892013334724 0.00025879917184265007 0.00013990362194932378
0 1.0 0.0034314022800377964 0.8000591565663019 0.00025879917184265007 0.00013990362194932378
0 1.0 0.009837715019926592 0.6044984560044333 0.00025879917184265007 0.00013990362194932378
0 1.0 0.013770181509261747 0.48445500311427564 0.00025879917184265007 0.00013990362194932378
0 1.0 0.016429877618446064 0.40326445630328883 0.00025879917184265007 0.00013990362194932378
0 1.0 0.01834863042339134 0.3446921296037549 0.00025879917184265007 0.00013990362194932378
0 1.0 0.0338934678948499 0.2900666800588954 0.00025879917184265007 0.00013990362194932378
0 1.0 0.032568967525712894 0.365396661484621 0.00025879917184265007 0.00013990362194932378
0 1.0 0.03486219555303586 0.22242195750017316 0.00025879917184265007 0.00013990362194932378
0 1.0 0.03400967508365754 0.26750429532678194 0.00025879917184265007 0.00013990362194932378
0 1.0 0.03340986584171572 0.29922231395614773 0.00025879917184265007 0.00013990362194932378
0 1.0 0.03256977169236687 0.3436529986580476 0.00025879917184265007 0.00013990362194932378
0 1.0 0.05944076644109941 -1.0660870682805026 0.00025879917184265007 0.00013990362194932378
0 1.0 0.08713492599873218 -2.358655435958812 0.00025879917184265007 0.00013990362194932378
0 1.0 0.0658548999492827 -1.3044427717965963 0.00025879917184265007 0.00013990362194932378
0 1.0 0.04064622955310039 -0.29103105853843114 0.00025879917184265007 0.00013990362194932378
0 1.0 0.03961396505250914 -0.26375811089023415 0.00025879917184265007 0.00013990362194932378
0 1.0 0.03876838411348028 -0.24141743689704778 0.00025879917184265007 0.00013990362194932378
0 1.0 0.03806304239810146 -0.2227819537756208 0.00025879917184265007 0.00013990362194932378
0 1.0 0.03746571661894661 -0.20700030605405517 0.00025879917184265007 0.00013990362194932378
