0 1.0 0.0575954452676602 -0.7976160105591283 0.00025879917184265007 0.00013990362194932378
0 1.0 0.05983124112030478 -1.1811340736336673 0.00025879917184265007 0.00013990362194932378
0 1.0 0.08586629961887791 -2.8814797961364267 0.00025879917184265007 0.00013990362194932378
0 1.0 0.1674583775311774 -7.895155141987645 0.00025879917184265007 0.00013990362194932378
0 1.0 0.09135703862492865 -3.501594098423255 0.00025879917184265007 0.00013990362194932378
0 1.0 0.018465850388648813 0.32965153524642865 0.00025879917184265007 0.00013990362194932378
0 1.0 0.02419253093527259 0.16199196117774095 0.00025879917184265007 0.00013990362194932378
0 1.0 0.025689101166550113 0.11840922215639738 0.00025879917184265007 0.00013990362194932378
0 1.0 0.027426895778547525 0.06780141395692048 0.00025879917184265007 0.00013990362194932378
0 1.0 0.028251137956073945 0.04380013762788046 0.00025879917184265007 0.00013990362194932378
0 1.0 0.02854107047593543 0.03535694846335681 0.00025879917184265007 0.00013990362194932378
0 1.0 0.028678719508851872 0.03134844047059194 0.00025879917184265007 0.00013990362194932378
0 1.0 0.02875158730995934 0.029226441085883327 0.00025879917184265007 0.00013990362194932378
0 1.0 0.0285284823152243 0.03259589496887402 0.00025879917184265007 0.00013990362194932378
0 1.0 0.028412717091835942 0.035764024878211634 0.00025879917184265007 0.00013990362194932378
0 1.0 0.027946333831099304 0.048523420984590226 0.00025879917184265007 0.00013990362194932378
0 1.0 0.02760902046759407 0.057755986965733155 0.00025879917184265007 0.00013990362194932378
0 1.0 0.026943636165728542 0.0759680709805222 0.00025879917184265007 0.00013990362194932378
0 1.0 0.025753433480902335 0.10854093439785922 0.00025879917184265007 0.00013990362194932378
0 1.0 0.024054432363929602 0.14990715421679876 0.00025879917184265007 0.00013990362194932378
0 1.0 0.02191160621158204 0.2067931888047432 0.00025879917184265007 0.00013990362194932378
0 1.0 0.05223682013538146 -0.7376711019837476 0.00025879917184265007 0.00013990362194932378
0 1.0 0.08135602500505708 -2.404990314834266 0.00025879917184265007 0.00013990362194932378
0 1.0 0.14396465383742968 -5.964190392331399 0.00025879917184265007 0.00013990362194932378
0 1.0 -0.008546124690363066 2.7050390254450853 0.00025879917184265007 0.00013990362194932378
0 1.0 0.011899047856377819 1.5418417247381033 0.00025879917184265007 0.00013990362194932378
0 1.0 0.019440113307109475 1.112631175062105 0.00025879917184265007 0.00013990362194932378
0 1.0 0.022908531535412193 0.9152211798827673 0.00025879917184265007 0.00013990362194932378
0 1.0 0.02536840938266344 0.775213706157411 0.00025879917184265007 0.00013990362194932378
0 1.0 0.035184406334376285 0.2166014912002082 0.00025879917184265007 0.00013990362194932378
0 1.0 0.03524293876870556 0.2022877849019162 0.00025879917184265007 0.00013990362194932378
0 1.0 0.034933421358324876 0.2186554487401514 0.00025879917184265007 0.00013990362194932378
0 1.0 0.03455173089015188 0.23883971322346442 0.00025879917184265007 0.00013990362194932378
0 1.0 0.024849522571768323 0.751943363581193 0.00025879917184265007 0.00013990362194932378
0 1.0 0.01289946812070951 1.383810296705754 0.00025879917184265007 0.00013990362194932378
0 1.0 0.3824779618621353 -16.893291897502753 0.00025879917184265007 0.00013990362194932378
0 1.0 0.03542866373620531 0.20038988189901974 0.00025879917184265007 0.00013990362194932378
0 1.0 0.033203400450900075 0.3101401876306395 0.00025879917184265007 0.00013990362194932378
0 1.0 0.028554017990065017 0.5560595024805782 0.00025879917184265007 0.00013990362194932378
0 1.0 -0.05730680686799065 5.091446923077977 0.00025879917184265007 0.00013990362194932378
0 1.0 0.07446366677154609 -1.865436571729099 0.00025879917184265007 0.00013990362194932378
0 1.0 0.028281855443383873 0.03934529644070336 0.00025879917184265007 0.00013990362194932378
0 1.0 0.028117695413443486 0.04383756922906815 0.00025879917184265007 0.00013990362194932378
0 1.0 0.027305399130825588 0.06606638373707668 0.00025879917184265007 0.00013990362194932378
0 1.0 0.026510895135391392 0.0878110794887342 0.00025879917184265007 0.00013990362194932378
0 1.0 0.02519837504952323 0.12373171693319479 0.00025879917184265007 0.00013990362194932378
0 1.0 0.02349842421429418 0.17025549078566432 0.00025879917184265007 0.00013990362194932378
0 1.0 0.016388809944348225 0.3659189661974772 0.00025879917184265007 0.00013990362194932378
0 1.0 -0.009906823587754616 1.0611824942229504 0.00025879917184265007 0.00013990362194932378
0 1.0 0.4554633282037616 -11.450461486977407 0.00025879917184265007 0.00013990362194932378
0 1.0 -0.444571131500914 14.475896243660594 0.00025879917184265007 0.00013990362194932378
0 1.0 -0.041974970035728275 2.186145403145402 0.00025879917184265007 0.00013990362194932378
0 1.0 -0.008854091414401435 1.1750892013334724 0.00025879917184265007 0.00013990362194932378
0 1.0 0.0034315388568411905 0.8000549873887376 0.00025879917184265007 0.00013990362194932378
0 1.0 0.009838050941297695 0.6044882015848735 0.00025879917184265007 0.00013990362194932378
0 1.0 0.01380649154049778 0.4833465940443077 0.00025879917184265007 0.00013990362194932378
0 1.0 0.016568147063338715 0.3990436087412978 0.00025879917184265007 0.00013990362194932378
0 1.0 0.019210624460802152 0.31837868461899616 0.00025879917184265007 0.00013990362194932378
0 1.0 0.030836558223868934 0.4353298011941134 0.00025879917184265007 0.00013990362194932378
0 1.0 0.03222366672597546 0.3619599165520784 0.00025879917184265007 0.00013990362194932378
0 1.0 0.06765679426304254 -1.39502438547381 0.00025879917184265007 0.00013990362194932378
0 1.0 0.04064622955310039 -0.29103105853843114 0.00025879917184265007 0.00013990362194932378
0 1.0 0.03961396505250914 -0.26375811089023415 0.00025879917184265007 0.00013990362194932378
0 1.0 0.03876838411348028 -0.24141743689704778 0.00025879917184265007 0.00013990362194932378
0 1.0 0.03806303301893376 -0.22278170597328908 0.00025879917184265007 0.00013990362194932378
0 1.0 0.03746562849899328 -0.20699797788053703 0.00025879917184265007 0.00013990362194932378
