0 1.0 0.06087734629378769 -1.2408102933976397 0.00025879917184265007 0.00013990362194932378
0 1.0 0.06735364483607034 -1.7439129729139073 0.00025879917184265007 0.00013990362194932378
0 1.0 0.08586629961887791 -2.8814797961364267 0.00025879917184265007 0.00013990362194932378
0 1.0 0.09435156345667206 -3.7014732634269563 0.00025879917184265007 0.00013990362194932378
0 1.0 0.028262789789637217 0.0434608220004537 0.00025879917184265007 0.00013990362194932378
0 1.0 0.02860977806860401 0.0333560994305648 0.00025879917184265007 0.00013990362194932378
0 1.0 0.02870515440646772 0.03057862395872904 0.00025879917184265007 0.00013990362194932378
0 1.0 0.02875975361255095 0.028988628378331 0.00025879917184265007 0.00013990362194932378
0 1.0 0.026190532826885788 0.09657857154370839 0.00025879917184265007 0.00013990362194932378
0 1.0 0.023877175671260333 0.1546128231013614 0.00025879917184265007 0.00013990362194932378
0 1.0 0.02136361843776395 0.22134072987382827 0.00025879917184265007 0.00013990362194932378
0 1.0 0.06986429723540731 -1.7517040325580349 0.00025879917184265007 0.00013990362194932378
0 1.0 0.09517318587660903 -3.1904737371990577 0.00025879917184265007 0.00013990362194932378
0 1.0 -0.1135308220111702 8.674014192044103 0.00025879917184265007 0.00013990362194932378
0 1.0 0.020767243896612626 1.0370956352190996 0.00025879917184265007 0.00013990362194932378
0 1.0 0.024885423538625592 0.8027035377945432 0.00025879917184265007 0.00013990362194932378
0 1.0 0.030001557099493998 0.4794964515162214 0.00025879917184265007 0.00013990362194932378
0 1.0 0.008338084352373182 1.6249964422841585 0.00025879917184265007 0.00013990362194932378
0 1.0 0.7471963273255038 -34.842077577725725 0.00025879917184265007 0.00013990362194932378
0 1.0 0.09394521047635604 -2.6938081128878064 0.00025879917184265007 0.00013990362194932378
0 1.0 0.02635887334040613 0.6721354560026719 0.00025879917184265007 0.00013990362194932378
0 1.0 0.06916782175151852 -1.4704606296496885 0.00025879917184265007 0.00013990362194932378
0 1.0 0.061168280248587975 -1.0688453941155238 0.00025879917184265007 0.00013990362194932378
0 1.0 0.02366073932697154 0.16581335707780195 0.00025879917184265007 0.00013990362194932378
0 1.0 0.016998028573227304 0.3490238274043526 0.00025879917184265007 0.00013990362194932378
0 1.0 -0.01180979683084469 1.112344614594517 0.00025879917184265007 0.00013990362194932378
0 1.0 0.8475846857358483 -21.99278527800637 0.00025879917184265007 0.00013990362194932378
0 1.0 -0.028031989319379624 1.760518496136622 0.00025879917184265007 0.00013990362194932378
0 1.0 0.014845772096627333 0.45162125657029767 0.00025879917184265007 0.00013990362194932378
0 1.0 0.019191269448199606 0.3189695205612337 0.00025879917184265007 0.00013990362194932378
0 1.0 0.061603821475261604 -1.1832021662744974 0.00025879917184265007 0.00013990362194932378
0 1.0 0.04041561899540044 -0.284938211536844 0.00025879917184265007 0.00013990362194932378
0 1.0 0.03730805546515839 -0.2028348190195233 0.00025879917184265007 0.00013990362194932378
