0 1.0 0.06087723425616443 -1.2408039242385493 0.00025879917184265007 0.00013990362194932378
0 1.0 0.06735364483607034 -1.7439129729139073 0.00025879917184265007 0.00013990362194932378
0 1.0 0.08586629961887791 -2.8814797961364267 0.00025879917184265007 0.00013990362194932378
0 1.0 0.1674583775311774 -7.895155141987645 0.00025879917184265007 0.00013990362194932378
0 1.0 0.09135703862492865 -3.501594098423255 0.00025879917184265007 0.00013990362194932378
0 1.0 0.02605240163201712 0.10782928888310352 0.00025879917184265007 0.00013990362194932378
0 1.0 0.02726794891680463 0.0724306348840759 0.00025879917184265007 0.00013990362194932378
0 1.0 0.027704981123353775 0.05970387700840023 0.00025879917184265007 0.00013990362194932378
0 1.0 0.02830235088593097 0.04230875454791752 0.00025879917184265007 0.00013990362194932378
0 1.0 0.028680861941889405 0.03128605020330914 0.00025879917184265007 0.00013990362194932378
0 1.0 0.028753312777811204 0.029176193354178065 0.00025879917184265007 0.00013990362194932378
0 1.0 0.02805393487236723 0.04558024992196523 0.00025879917184265007 0.00013990362194932378
0 1.0 0.027823743601034973 0.051878824328089754 0.00025879917184265007 0.00013990362194932378
0 1.0 0.02695419957403645 0.0756789776759914 0.00025879917184265007 0.00013990362194932378
0 1.0 0.025951570223271183 0.10311837334544972 0.00025879917184265007 0.00013990362194932378
0 1.0 0.024243186545567983 0.1448962591922367 0.00025879917184265007 0.00013990362194932378
0 1.0 0.021541761463115462 0.2166115313382191 0.00025879917184265007 0.00013990362194932378
0 1.0 0.02044019433623492 0.24585505424931417 0.00025879917184265007 0.00013990362194932378
0 1.0 0.06984708049273752 -1.7507252883659379 0.00025879917184265007 0.00013990362194932378
0 1.0 0.09039994226117591 -2.9191224975568586 0.00025879917184265007 0.00013990362194932378
0 1.0 0.18585710625173193 -8.345709084886444 0.00025879917184265007 0.00013990362194932378
0 1.0 0.003651908344855644 2.0112394916878236 0.00025879917184265007 0.00013990362194932378
0 1.0 0.01390511098818477 1.4276637660513736 0.00025879917184265007 0.00013990362194932378
0 1.0 0.022752549329791094 0.9240991307043953 0.00025879917184265007 0.00013990362194932378
0 1.0 0.035232168806164026 0.20285731385414216 0.00025879917184265007 0.00013990362194932378
0 1.0 0.034206346646327435 0.25710405961673927 0.00025879917184265007 0.00013990362194932378
0 1.0 0.03278587064486355 0.33222263456477796 0.00025879917184265007 0.00013990362194932378
0 1.0 0.03116617368326449 0.41789508127468816 0.00025879917184265007 0.00013990362194932378
0 1.0 0.2211105871724369 -9.607728998271162 0.00025879917184265007 0.00013990362194932378
0 1.0 0.09394521047635604 -2.6938081128878064 0.00025879917184265007 0.00013990362194932378
0 1.0 0.034938262415707494 0.21839944763261165 0.00025879917184265007 0.00013990362194932378
0 1.0 0.02653900372706435 0.6626109441733424 0.00025879917184265007 0.00013990362194932378
0 1.0 -0.027347754223765303 3.5097447928206833 0.00025879917184265007 0.00013990362194932378
0 1.0 0.06708405093835476 -1.3662324556825327 0.00025879917184265007 0.00013990362194932378
0 1.0 0.027599737169795364 0.058010079061458386 0.00025879917184265007 0.00013990362194932378
0 1.0 0.02722585804880333 0.06824350877716837 0.00025879917184265007 0.00013990362194932378
0 1.0 0.02566618266812493 0.11092879468818878 0.00025879917184265007 0.00013990362194932378
0 1.0 0.02425691956006969 0.1494974868811002 0.00025879917184265007 0.00013990362194932378
0 1.0 0.018290166313450512 0.31318965322443515 0.00025879917184265007 0.00013990362194932378
0 1.0 -0.010942497408263585 1.0890269575452574 0.00025879917184265007 0.00013990362194932378
0 1.0 0.8963980052293976 -23.305148936682656 0.00025879917184265007 0.00013990362194932378
0 1.0 -0.444571131500914 14.475896243660594 0.00025879917184265007 0.00013990362194932378
0 1.0 -0.041974970035728275 2.186145403145402 0.00025879917184265007 0.00013990362194932378
0 1.0 -0.008833963690481589 1.1744747774128332 0.00025879917184265007 0.00013990362194932378
0 1.0 0.0036621363460453507 0.7930157109176127 0.00025879917184265007 0.00013990362194932378
0 1.0 0.013409033187083308 0.4954795068747939 0.00025879917184265007 0.00013990362194932378
0 1.0 0.019196669762917687 0.3188046692072024 0.00025879917184265007 0.00013990362194932378
0 1.0 0.015822748511675117 1.2292399369749798 0.00025879917184265007 0.00013990362194932378
0 1.0 0.020129634706485384 0.9377454931426195 0.00025879917184265007 0.00013990362194932378
0 1.0 0.04064622955310039 -0.29103105853843114 0.00025879917184265007 0.00013990362194932378
0 1.0 0.039613834124776766 -0.26375465171364715 0.00025879917184265007 0.00013990362194932378
0 1.0 0.03876545422568109 -0.2413400277867697 0.00025879917184265007 0.00013990362194932378
0 1.0 0.038040653034140275 -0.2221904155111155 0.00025879917184265007 0.00013990362194932378
0 1.0 0.03739300430129129 -0.20507921002522003 0.00025879917184265007 0.00013990362194932378
