0 1.0 0.06087723425616443 -1.2408039242385493 0.00025879917184265007 0.00013990362194932378
0 1.0 0.06735364483607034 -1.7439129729139073 0.00025879917184265007 0.00013990362194932378
0 1.0 0.08586629961887791 -2.8814797961364267 0.00025879917184265007 0.00013990362194932378
0 1.0 0.1674583775311774 -7.895155141987645 0.00025879917184265007 0.00013990362194932378
0 1.0 0.09135703862492865 -3.501594098423255 0.00025879917184265007 0.00013990362194932378
0 1.0 0.027340016160795434 0.07033172465466696 0.00025879917184265007 0.00013990362194932378
0 1.0 0.028033097141815365 0.05015084966291855 0.00025879917184265007 0.00013990362194932378
0 1.0 0.028295393890845212 0.04251135074359031 0.00025879917184265007 0.00013990362194932378
0 1.0 0.028620676834965875 0.03303871404000185 0.00025879917184265007 0.00013990362194932378
0 1.0 0.02875975361255095 0.028988628378331 0.00025879917184265007 0.00013990362194932378
0 1.0 0.027559925798128496 0.059099751619624136 0.00025879917184265007 0.00013990362194932378
0 1.0 0.027068164340299183 0.0725597553345544 0.00025879917184265007 0.00013990362194932378
0 1.0 0.025492512470338204 0.11173504986135105 0.00025879917184265007 0.00013990362194932378
0 1.0 0.023215360707801874 0.17218215734757236 0.00025879917184265007 0.00013990362194932378
0 1.0 0.021368493961331135 0.22121129837422998 0.00025879917184265007 0.00013990362194932378
0 1.0 0.06984708049273752 -1.7507252883659379 0.00025879917184265007 0.00013990362194932378
0 1.0 0.09039994226117591 -2.9191224975568586 0.00025879917184265007 0.00013990362194932378
0 1.0 0.1858661993985131 -8.346226015688657 0.00025879917184265007 0.00013990362194932378
0 1.0 0.0036567583582982734 2.0109634462205905 0.00025879917184265007 0.00013990362194932378
0 1.0 0.013943278691978719 1.4254913964794154 0.00025879917184265007 0.00013990362194932378
0 1.0 0.034306272102296566 0.2518198777990701 0.00025879917184265007 0.00013990362194932378
0 1.0 0.03213233051177027 0.36679106529761335 0.00025879917184265007 0.00013990362194932378
0 1.0 0.02794752148209434 0.5881316422402992 0.00025879917184265007 0.00013990362194932378
0 1.0 0.016306763254021535 1.2036473413858835 0.00025879917184265007 0.00013990362194932378
0 1.0 0.0336572048475687 0.2861430467239524 0.00025879917184265007 0.00013990362194932378
0 1.0 -0.028599256113958315 3.3369393772538745 0.00025879917184265007 0.00013990362194932378
0 1.0 0.08521844356112078 -2.4332400186712344 0.00025879917184265007 0.00013990362194932378
0 1.0 0.06430343149426554 -1.2264501197572688 0.00025879917184265007 0.00013990362194932378
0 1.0 0.02679409018945331 0.08006075955229126 0.00025879917184265007 0.00013990362194932378
0 1.0 0.025854713071704637 0.10576913771884565 0.00025879917184265007 0.00013990362194932378
0 1.0 0.02326306285590492 0.17669670631010853 0.00025879917184265007 0.00013990362194932378
0 1.0 0.01705526102513652 0.3474366300130719 0.00025879917184265007 0.00013990362194932378
0 1.0 -0.043000115668087965 1.9509075594877703 0.00025879917184265007 0.00013990362194932378
0 1.0 0.26676364666586116 -6.3772026505881945 0.00025879917184265007 0.00013990362194932378
0 1.0 -0.444571131500914 14.475896243660594 0.00025879917184265007 0.00013990362194932378
0 1.0 -0.04179963110866391 2.180792963324756 0.00025879917184265007 0.00013990362194932378
0 1.0 -0.005342815263827002 1.0679031097777152 0.00025879917184265007 0.00013990362194932378
0 1.0 0.016386822693527366 0.40457876168012574 0.00025879917184265007 0.00013990362194932378
0 1.0 0.019548550960698366 0.30806305599745754 0.00025879917184265007 0.00013990362194932378
0 1.0 -1.1129183880063738 60.822951735286225 0.00025879917184265007 0.00013990362194932378
0 1.0 0.10477635699567654 -3.2268383794042474 0.00025879917184265007 0.00013990362194932378
0 1.0 0.04064622955310039 -0.29103105853843114 0.00025879917184265007 0.00013990362194932378
0 1.0 0.039588419883862525 -0.2630831946776113 0.00025879917184265007 0.00013990362194932378
0 1.0 0.03845512018080321 -0.23314084612881175 0.00025879917184265007 0.00013990362194932378
0 1.0 0.037369245290625255 -0.20445148500542526 0.00025879917184265007 0.00013990362194932378
