0 1.0 0.028195951330215473 0.03996532244941625 0.00025879917184265007 0.00013990362194932378
0 1.0 0.027728941292360167 0.05447364761320746 0.00025879917184265007 0.00013990362194932378
0 1.0 0.09266229508598295 -3.5887176276007904 0.00025879917184265007 0.00013990362194932378
0 1.0 0.022511409610024555 0.1972674601054536 0.00025879917184265007 0.00013990362194932378
0 1.0 0.018622984785375163 0.30396804824985035 0.00025879917184265007 0.00013990362194932378
0 1.0 -0.031725813938055514 1.700256443644349 0.00025879917184265007 0.00013990362194932378
0 1.0 0.05368086540706026 -0.7016456649680289 0.00025879917184265007 0.00013990362194932378
0 1.0 0.052553296473904866 -0.7563100903233712 0.00025879917184265007 0.00013990362194932378
0 1.0 0.05782320764599759 -1.065070556332479 0.00025879917184265007 0.00013990362194932378
0 1.0 0.06082382873774619 -1.3426684057599847 0.00025879917184265007 0.00013990362194932378
0 1.0 0.1426346806627742 -6.369786991469761 0.00025879917184265007 0.00013990362194932378
0 1.0 -0.018531362622851218 1.4229110969591483 0.00025879917184265007 0.00013990362194932378
0 1.0 -0.00040060107598692535 0.8871510542748122 0.00025879917184265007 0.00013990362194932378
0 1.0 0.027248308370997475 0.07300265263059955 0.00025879917184265007 0.00013990362194932378
0 1.0 0.027747173775205955 0.05847544701948328 0.00025879917184265007 0.00013990362194932378
0 1.0 0.028191149036639707 0.0455480185761657 0.00025879917184265007 0.00013990362194932378
0 1.0 0.028383117120614074 0.039956743128634585 0.00025879917184265007 0.00013990362194932378
0 1.0 0.028616676988510625 0.03315519445505447 0.00025879917184265007 0.00013990362194932378
0 1.0 0.028710215982378388 0.030431224684909303 0.00025879917184265007 0.00013990362194932378
0 1.0 0.02875975361255095 0.028988628378331 0.00025879917184265007 0.00013990362194932378
0 1.0 0.007547380382717353 0.6522899385647493 0.00025879917184265007 0.00013990362194932378
0 1.0 0.012232049845930104 0.5138589793860388 0.00025879917184265007 0.00013990362194932378
0 1.0 0.015309552152119819 0.42291945857972735 0.00025879917184265007 0.00013990362194932378
0 1.0 0.017841433445342413 0.3481029195048301 0.00025879917184265007 0.00013990362194932378
0 1.0 0.021573577514364263 0.23825910827912963 0.00025879917184265007 0.00013990362194932378
0 1.0 0.02292482595222928 0.19890909061236636 0.00025879917184265007 0.00013990362194932378
0 1.0 0.02543601190273132 0.1257799121211198 0.00025879917184265007 0.00013990362194932378
0 1.0 0.026194842347607047 0.10368117070107885 0.00025879917184265007 0.00013990362194932378
0 1.0 0.026955112886044554 0.08154104917885266 0.00025879917184265007 0.00013990362194932378
0 1.0 0.027476210072778676 0.06636516815527646 0.00025879917184265007 0.00013990362194932378
0 1.0 0.020722833461368273 0.23835177684595207 0.00025879917184265007 0.00013990362194932378
0 1.0 0.028547465272634277 0.03359029388981563 0.00025879917184265007 0.00013990362194932378
0 1.0 0.02871118477592937 0.02896924466770104 0.00025879917184265007 0.00013990362194932378
0 1.0 0.028639562874184177 0.02955596958466655 0.00025879917184265007 0.00013990362194932378
0 1.0 0.0285436984567473 0.03217947705291652 0.00025879917184265007 0.00013990362194932378
0 1.0 0.02842688341548795 0.0353763371741356 0.00025879917184265007 0.00013990362194932378
0 1.0 0.02837275414899698 0.03685768488047775 0.00025879917184265007 0.00013990362194932378
0 1.0 0.02653415379674273 0.08717454977474123 0.00025879917184265007 0.00013990362194932378
0 1.0 0.025470796612771646 0.11627607556742243 0.00025879917184265007 0.00013990362194932378
0 1.0 0.0711494064968879 -1.690458657744099 0.00025879917184265007 0.00013990362194932378
0 1.0 0.007979549720166476 1.9021809014753628 0.00025879917184265007 0.00013990362194932378
0 1.0 0.01665480690840022 1.3687676490338532 0.00025879917184265007 0.00013990362194932378
0 1.0 0.021369483292549223 1.0788775847151815 0.00025879917184265007 0.00013990362194932378
0 1.0 0.024372467505903474 0.8942338858000185 0.00025879917184265007 0.00013990362194932378
0 1.0 0.061313937631041204 -1.167714789686558 0.00025879917184265007 0.00013990362194932378
0 1.0 0.10568626666606717 -3.788125509141804 0.00025879917184265007 0.00013990362194932378
0 1.0 -0.39898752515903896 24.901769677413352 0.00025879917184265007 0.00013990362194932378
0 1.0 0.003651843446282805 2.011243185483125 0.00025879917184265007 0.00013990362194932378
0 1.0 0.013904836363125072 1.427679396730299 0.00025879917184265007 0.00013990362194932378
0 1.0 0.019439977565643127 1.1126389009822415 0.00025879917184265007 0.00013990362194932378
0 1.0 0.02290453834448591 0.9154484580682717 0.00025879917184265007 0.00013990362194932378
0 1.0 -0.06528052327031038 6.405049699947628 0.00025879917184265007 0.00013990362194932378
0 1.0 0.025277324387465185 0.780397939222576 0.00025879917184265007 0.00013990362194932378
0 1.0 0.029756365796017748 0.5254848557721635 0.00025879917184265007 0.00013990362194932378
0 1.0 -0.0708930390699039 5.8087383765538165 0.00025879917184265007 0.00013990362194932378
0 1.0 0.09394521047635604 -2.6938081128878064 0.00025879917184265007 0.00013990362194932378
0 1.0 0.03051687955591912 0.48219779053714446 0.00025879917184265007 0.00013990362194932378
0 1.0 0.031166834973636242 0.4452035058180571 0.00025879917184265007 0.00013990362194932378
0 1.0 0.035198763030316264 0.20462385263675656 0.00025879917184265007 0.00013990362194932378
0 1.0 0.03505115458885504 0.2124295697579728 0.00025879917184265007 0.00013990362194932378
0 1.0 0.034731878955313746 0.22931326051745674 0.00025879917184265007 0.00013990362194932378
0 1.0 0.03407359447289637 0.26412415889271357 0.00025879917184265007 0.00013990362194932378
0 1.0 0.033088107572700136 0.3162368659881261 0.00025879917184265007 0.00013990362194932378
0 1.0 0.030921628762163648 0.430830069866939 0.00025879917184265007 0.00013990362194932378
0 1.0 0.028824767300410056 0.5785097541743263 0.00025879917184265007 0.00013990362194932378
0 1.0 0.03380891969929291 0.2948724541506249 0.00025879917184265007 0.00013990362194932378
0 1.0 0.035326146618793706 0.19788765077934622 0.00025879917184265007 0.00013990362194932378
0 1.0 0.03488557710520935 0.22118551207527365 0.00025879917184265007 0.00013990362194932378
0 1.0 0.03433330059518791 0.2503905776341612 0.00025879917184265007 0.00013990362194932378
0 1.0 0.03382357724894313 0.27734528718685825 0.00025879917184265007 0.00013990362194932378
0 1.0 0.018743681033744613 1.0747937223453496 0.00025879917184265007 0.00013990362194932378
0 1.0 0.10148827289503433 -3.292213231942509 0.00025879917184265007 0.00013990362194932378
0 1.0 0.027615231447718835 0.05989999964499379 0.00025879917184265007 0.00013990362194932378
0 1.0 0.028150501866723 0.044793231858649925 0.00025879917184265007 0.00013990362194932378
0 1.0 0.0274936329309199 0.06091424620181971 0.00025879917184265007 0.00013990362194932378
0 1.0 0.02717455296277651 0.06964778421111117 0.00025879917184265007 0.00013990362194932378
0 1.0 0.013421489773069586 0.4482100908625735 0.00025879917184265007 0.00013990362194932378
0 1.0 -0.036057306742654435 1.764247643354091 0.00025879917184265007 0.00013990362194932378
0 1.0 0.26676364666586116 -6.3772026505881945 0.00025879917184265007 0.00013990362194932378
0 1.0 0.028684019776516106 0.028339324051302885 0.00025879917184265007 0.00013990362194932378
0 1.0 0.02858920486894687 0.03093410973675405 0.00025879917184265007 0.00013990362194932378
0 1.0 0.028482728684956195 0.03384802786570168 0.00025879917184265007 0.00013990362194932378
0 1.0 0.028308916607462715 0.03860471752770732 0.00025879917184265007 0.00013990362194932378
0 1.0 0.028238921545139076 0.040520262144328016 0.00025879917184265007 0.00013990362194932378
0 1.0 0.02815833605318668 0.04272563349714443 0.00025879917184265007 0.00013990362194932378
0 1.0 0.028056565437865142 0.04550835223058391 0.00025879917184265007 0.00013990362194932378
0 1.0 0.027916600678768853 0.04933724373938892 0.00025879917184265007 0.00013990362194932378
0 1.0 -0.444571131500914 14.475896243660594 0.00025879917184265007 0.00013990362194932378
0 1.0 -0.041974970035728275 2.186145403145402 0.00025879917184265007 0.00013990362194932378
0 1.0 -0.008854091414401435 1.1750892013334724 0.00025879917184265007 0.00013990362194932378
0 1.0 0.0034314022800377964 0.8000591565663019 0.00025879917184265007 0.00013990362194932378
0 1.0 0.009837715019926592 0.6044984560044333 0.00025879917184265007 0.00013990362194932378
0 1.0 0.013770181509261747 0.48445500311427564 0.00025879917184265007 0.00013990362194932378
0 1.0 0.016429877618446064 0.40326445630328883 0.00025879917184265007 0.00013990362194932378
0 1.0 0.01834863042339134 0.3446921296037549 0.00025879917184265007 0.00013990362194932378
0 1.0 0.035367545189296856 0.20617809427240652 0.00025879917184265007 0.00013990362194932378
0 1.0 0.0349919343050535 0.2275560882462636 0.00025879917184265007 0.00013990362194932378
0 1.0 0.03454420868238703 0.23923749688243626 0.00025879917184265007 0.00013990362194932378
0 1.0 0.03352861862203419 0.29294267624597364 0.00025879917184265007 0.00013990362194932378
0 1.0 0.03245451939850103 0.34974916740968126 0.00025879917184265007 0.00013990362194932378
0 1.0 0.028419308712048723 0.5631830633497535 0.00025879917184265007 0.00013990362194932378
0 1.0 0.06275379564270687 -1.1485495930869043 0.00025879917184265007 0.00013990362194932378
0 1.0 0.04064622955310039 -0.29103105853843114 0.00025879917184265007 0.00013990362194932378
0 1.0 0.03961396505250914 -0.26375811089023415 0.00025879917184265007 0.00013990362194932378
0 1.0 0.03876838411348028 -0.24141743689704778 0.00025879917184265007 0.00013990362194932378
0 1.0 0.03806304239810146 -0.2227819537756208 0.00025879917184265007 0.00013990362194932378
0 1.0 0.03746571661894661 -0.20700030605405517 0.00025879917184265007 0.00013990362194932378
