0 1.0 0.021161449842425652 0.23421227497201177 0.00025879917184265007 0.00013990362194932378
0 1.0 0.0695071330048801 -1.1156152410212747 0.00025879917184265007 0.00013990362194932378
0 1.0 0.06609773473659313 -1.5375809989172495 0.00025879917184265007 0.00013990362194932378
0 1.0 0.11816689072233258 -4.497628958374094 0.00025879917184265007 0.00013990362194932378
0 1.0 0.10588569164344319 -4.111632708045083 0.00025879917184265007 0.00013990362194932378
0 1.0 0.08883177214012718 -3.3330370869590893 0.00025879917184265007 0.00013990362194932378
0 1.0 -0.018531362622851218 1.4229110969591483 0.00025879917184265007 0.00013990362194932378
0 1.0 -0.00040060107598692535 0.8871510542748122 0.00025879917184265007 0.00013990362194932378
0 1.0 0.010387929133819118 0.5683523435440675 0.00025879917184265007 0.00013990362194932378
0 1.0 0.024435879933986767 0.15490533881411295 0.00025879917184265007 0.00013990362194932378
0 1.0 0.027191230810517476 0.07466498130892563 0.00025879917184265007 0.00013990362194932378
0 1.0 0.02797594833054931 0.05181472501818517 0.00025879917184265007 0.00013990362194932378
0 1.0 0.028169918610629157 0.046166607520282246 0.00025879917184265007 0.00013990362194932378
0 1.0 0.028467546470378 0.03749805732327885 0.00025879917184265007 0.00013990362194932378
0 1.0 0.028656425015105354 0.03199768336379742 0.00025879917184265007 0.00013990362194932378
0 1.0 0.028738227800729037 0.029615486314857546 0.00025879917184265007 0.00013990362194932378
0 1.0 0.028728228697306867 0.028488173090777717 0.00025879917184265007 0.00013990362194932378
0 1.0 0.028675503631431686 0.028572384146247864 0.00025879917184265007 0.00013990362194932378
0 1.0 0.028509235099787044 0.03312263069410717 0.00025879917184265007 0.00013990362194932378
0 1.0 0.028400525334243983 0.03609767492218814 0.00025879917184265007 0.00013990362194932378
0 1.0 0.028049669193018233 0.04569683797028022 0.00025879917184265007 0.00013990362194932378
0 1.0 0.02761611663164213 0.05756175866091317 0.00025879917184265007 0.00013990362194932378
0 1.0 0.02698138166327175 0.07493507383624247 0.00025879917184265007 0.00013990362194932378
0 1.0 0.026239435781343266 0.09190686032082772 0.00025879917184265007 0.00013990362194932378
0 1.0 0.06346968050731969 -1.2828878233597307 0.00025879917184265007 0.00013990362194932378
0 1.0 0.0520535907534681 -0.7096744944806316 0.00025879917184265007 0.00013990362194932378
0 1.0 0.055488300748511556 -0.9291682278586136 0.00025879917184265007 0.00013990362194932378
0 1.0 -0.07112470597375038 6.26329454682012 0.00025879917184265007 0.00013990362194932378
0 1.0 -0.008418921494111867 2.697804963135083 0.00025879917184265007 0.00013990362194932378
0 1.0 0.011165449043300222 1.583595552742888 0.00025879917184265007 0.00013990362194932378
0 1.0 0.018524790334248482 1.1647280941088227 0.00025879917184265007 0.00013990362194932378
0 1.0 0.022731960415575736 0.9252709782696216 0.00025879917184265007 0.00013990362194932378
0 1.0 0.025331263769827982 0.7773279019573718 0.00025879917184265007 0.00013990362194932378
0 1.0 0.025550521020387764 0.8217992198210646 0.00025879917184265007 0.00013990362194932378
0 1.0 0.03279273402295257 0.35266027790533766 0.00025879917184265007 0.00013990362194932378
0 1.0 0.03526957203399479 0.211754262619782 0.00025879917184265007 0.00013990362194932378
0 1.0 0.03535483606436266 0.19767496047016928 0.00025879917184265007 0.00013990362194932378
0 1.0 0.03522511725107007 0.20323020881721632 0.00025879917184265007 0.00013990362194932378
0 1.0 0.033220745841076066 0.30922296475843036 0.00025879917184265007 0.00013990362194932378
0 1.0 0.032309450148661795 0.3574224778317903 0.00025879917184265007 0.00013990362194932378
0 1.0 0.027702531266447346 0.6010869689944209 0.00025879917184265007 0.00013990362194932378
0 1.0 -0.2333492768616103 14.385691073963542 0.00025879917184265007 0.00013990362194932378
0 1.0 0.10610988876688138 -3.2924651156085254 0.00025879917184265007 0.00013990362194932378
0 1.0 0.03450843318639389 0.2550746837786564 0.00025879917184265007 0.00013990362194932378
0 1.0 0.035026460061559926 0.21373544693274368 0.00025879917184265007 0.00013990362194932378
0 1.0 0.03390420194586425 0.27308184542724834 0.00025879917184265007 0.00013990362194932378
0 1.0 0.030798523327995955 0.4373416235701824 0.00025879917184265007 0.00013990362194932378
0 1.0 0.006492949597626455 1.7224716169716163 0.00025879917184265007 0.00013990362194932378
0 1.0 0.08611902815789246 -2.480786801678928 0.00025879917184265007 0.00013990362194932378
0 1.0 0.02863322857027392 0.02972931955182911 0.00025879917184265007 0.00013990362194932378
0 1.0 0.028577909897598588 0.031243217562975545 0.00025879917184265007 0.00013990362194932378
0 1.0 -0.538816700399596 15.281114845567506 0.00025879917184265007 0.00013990362194932378
0 1.0 0.028220614520258223 0.04102126781233817 0.00025879917184265007 0.00013990362194932378
0 1.0 0.027844860593557716 0.05130083351040134 0.00025879917184265007 0.00013990362194932378
0 1.0 0.027332220905250514 0.06533224289770713 0.00025879917184265007 0.00013990362194932378
0 1.0 0.02643131177696109 0.08998907123189714 0.00025879917184265007 0.00013990362194932378
0 1.0 0.02568273896763316 0.11047568566957837 0.00025879917184265007 0.00013990362194932378
0 1.0 0.024631372314251155 0.13924970912390597 0.00025879917184265007 0.00013990362194932378
0 1.0 0.019070181883360626 0.2916496104879495 0.00025879917184265007 0.00013990362194932378
0 1.0 0.003828469127670941 0.6919042073121715 0.00025879917184265007 0.00013990362194932378
0 1.0 -0.444571131500914 14.475896243660594 0.00025879917184265007 0.00013990362194932378
0 1.0 -0.041974970035728275 2.186145403145402 0.00025879917184265007 0.00013990362194932378
0 1.0 -0.008854091414401435 1.1750892013334724 0.00025879917184265007 0.00013990362194932378
0 1.0 0.0034314022800377964 0.8000591565663019 0.00025879917184265007 0.00013990362194932378
0 1.0 0.009837715019926592 0.6044984560044333 0.00025879917184265007 0.00013990362194932378
0 1.0 0.013770181509261747 0.48445500311427564 0.00025879917184265007 0.00013990362194932378
0 1.0 0.016429877618446064 0.40326445630328883 0.00025879917184265007 0.00013990362194932378
0 1.0 0.018349091438933162 0.3446780565283376 0.00025879917184265007 0.00013990362194932378
0 1.0 0.034424021807801145 0.24559312759984958 0.00025879917184265007 0.00013990362194932378
0 1.0 0.03478619329798855 0.22644105083657823 0.00025879917184265007 0.00013990362194932378
0 1.0 0.020330008959329005 0.9909155973230807 0.00025879917184265007 0.00013990362194932378
0 1.0 0.06822885542459321 -1.4237820227778422 0.00025879917184265007 0.00013990362194932378
0 1.0 0.04064622955310039 -0.29103105853843114 0.00025879917184265007 0.00013990362194932378
0 1.0 0.03961396505250914 -0.26375811089023415 0.00025879917184265007 0.00013990362194932378
0 1.0 0.03876838411348028 -0.24141743689704778 0.00025879917184265007 0.00013990362194932378
0 1.0 0.03806304239810146 -0.2227819537756208 0.00025879917184265007 0.00013990362194932378
0 1.0 0.03746571661894661 -0.20700030605405517 0.00025879917184265007 0.00013990362194932378
