0 1.0 0.02679297384015867 0.08009131115999113 0.00025879917184265007 0.00013990362194932378
0 1.0 0.024253835906262153 0.14958187829910147 0.00025879917184265007 0.00013990362194932378
0 1.0 0.051863184948266146 -0.7156657225977134 0.00025879917184265007 0.00013990362194932378
0 1.0 0.055114050691876124 -0.9071266355099564 0.00025879917184265007 0.00013990362194932378
0 1.0 0.06043104824530818 -1.2154389655414173 0.00025879917184265007 0.00013990362194932378
0 1.0 0.0766095555808417 -2.1351611449967463 0.00025879917184265007 0.00013990362194932378
0 1.0 0.087540353437567 -2.984347164797049 0.00025879917184265007 0.00013990362194932378
0 1.0 0.09501901736299186 -3.7460246153006698 0.00025879917184265007 0.00013990362194932378
0 1.0 -0.018531362622851218 1.4229110969591483 0.00025879917184265007 0.00013990362194932378
0 1.0 -0.00040060107598692535 0.8871510542748122 0.00025879917184265007 0.00013990362194932378
0 1.0 0.02854747579692545 0.03517041769128603 0.00025879917184265007 0.00013990362194932378
0 1.0 0.02868092376949742 0.031284249707834125 0.00025879917184265007 0.00013990362194932378
0 1.0 0.02875351161201444 0.029170403059280762 0.00025879917184265007 0.00013990362194932378
0 1.0 0.007547380382717353 0.6522899385647493 0.00025879917184265007 0.00013990362194932378
0 1.0 0.012232049845930104 0.5138589793860388 0.00025879917184265007 0.00013990362194932378
0 1.0 0.022530094831000005 0.2104041467091823 0.00025879917184265007 0.00013990362194932378
0 1.0 0.026701196758368993 0.08893542438803483 0.00025879917184265007 0.00013990362194932378
0 1.0 0.027071941334859215 0.07813884943064987 0.00025879917184265007 0.00013990362194932378
0 1.0 0.027441069462080664 0.0673886149138502 0.00025879917184265007 0.00013990362194932378
0 1.0 0.028028011092238885 0.050298928903037415 0.00025879917184265007 0.00013990362194932378
0 1.0 0.02828182254472144 0.042906564921686006 0.00025879917184265007 0.00013990362194932378
0 1.0 0.028360864141171328 0.03885718632497236 0.00025879917184265007 0.00013990362194932378
0 1.0 0.028530466344084886 0.03407009552596116 0.00025879917184265007 0.00013990362194932378
0 1.0 0.028642607947090386 0.02947263552053298 0.00025879917184265007 0.00013990362194932378
0 1.0 0.028589552519246966 0.030924595641920852 0.00025879917184265007 0.00013990362194932378
0 1.0 0.02847685202380705 0.03400885359046337 0.00025879917184265007 0.00013990362194932378
0 1.0 0.028345144719623294 0.037613268089479054 0.00025879917184265007 0.00013990362194932378
0 1.0 0.028139664336843555 0.04323661962297673 0.00025879917184265007 0.00013990362194932378
0 1.0 0.027885941579308494 0.05017641048851727 0.00025879917184265007 0.00013990362194932378
0 1.0 0.02044019433623492 0.24585505424931417 0.00025879917184265007 0.00013990362194932378
0 1.0 -0.059192415347262786 5.190998500489751 0.00025879917184265007 0.00013990362194932378
0 1.0 0.05977003042557604 -1.0839714407853691 0.00025879917184265007 0.00013990362194932378
0 1.0 0.009588313491044905 1.8032632674715827 0.00025879917184265007 0.00013990362194932378
0 1.0 0.023547639204363018 0.9449498862002451 0.00025879917184265007 0.00013990362194932378
0 1.0 0.055396893796689946 -0.8464392229512049 0.00025879917184265007 0.00013990362194932378
0 1.0 1.3943344225378376 -77.04570520355325 0.00025879917184265007 0.00013990362194932378
0 1.0 -0.048278744652176415 4.964538307900568 0.00025879917184265007 0.00013990362194932378
0 1.0 0.003652134647675503 2.0112266113384347 0.00025879917184265007 0.00013990362194932378
0 1.0 0.013912087489729247 1.427266688465681 0.00025879917184265007 0.00013990362194932378
0 1.0 0.0199983368599223 1.0808590813824783 0.00025879917184265007 0.00013990362194932378
0 1.0 0.02384730827878999 0.8617893558678813 0.00025879917184265007 0.00013990362194932378
0 1.0 -0.013385048019226764 3.215747446125597 0.00025879917184265007 0.00013990362194932378
0 1.0 0.026074187190672546 0.7350433505354028 0.00025879917184265007 0.00013990362194932378
0 1.0 0.03264737534073355 0.36093383072114293 0.00025879917184265007 0.00013990362194932378
0 1.0 0.03461510167520483 0.2490036181981322 0.00025879917184265007 0.00013990362194932378
0 1.0 0.03517428466370967 0.2171775687943177 0.00025879917184265007 0.00013990362194932378
0 1.0 0.0347760217377608 0.22697893553364049 0.00025879917184265007 0.00013990362194932378
0 1.0 0.03455197400800033 0.23882685685066385 0.00025879917184265007 0.00013990362194932378
0 1.0 0.03392624760607722 0.271916043623032 0.00025879917184265007 0.00013990362194932378
0 1.0 0.03165827427616618 0.39186585307902383 0.00025879917184265007 0.00013990362194932378
0 1.0 0.013097517618456405 1.3733383001754718 0.00025879917184265007 0.00013990362194932378
0 1.0 0.12341460996101755 -4.144077651146592 0.00025879917184265007 0.00013990362194932378
0 1.0 0.028833232564826224 0.5780279266620122 0.00025879917184265007 0.00013990362194932378
0 1.0 0.035397262297821426 0.1985717974826292 0.00025879917184265007 0.00013990362194932378
0 1.0 0.034936480910486976 0.2184936558341454 0.00025879917184265007 0.00013990362194932378
0 1.0 0.03427822819076388 0.2533028745588061 0.00025879917184265007 0.00013990362194932378
0 1.0 0.032832137132830015 0.3297754093623246 0.00025879917184265007 0.00013990362194932378
0 1.0 0.029904963912666768 0.4846056632065524 0.00025879917184265007 0.00013990362194932378
0 1.0 0.07396746543255728 -1.7089496360749712 0.00025879917184265007 0.00013990362194932378
0 1.0 0.028675605495987806 0.02997348423958024 0.00025879917184265007 0.00013990362194932378
0 1.0 0.02868617791609542 0.028280262561594525 0.00025879917184265007 0.00013990362194932378
0 1.0 0.02241539044286068 0.1998952497919711 0.00025879917184265007 0.00013990362194932378
0 1.0 0.01543060908159523 0.39249224514938563 0.00025879917184265007 0.00013990362194932378
0 1.0 0.028537309998188386 0.032354309062415154 0.00025879917184265007 0.00013990362194932378
0 1.0 0.02841834186876892 0.03561009243189367 0.00025879917184265007 0.00013990362194932378
0 1.0 0.028263720750770632 0.03984158591679158 0.00025879917184265007 0.00013990362194932378
0 1.0 0.027700529734727575 0.05525129714877306 0.00025879917184265007 0.00013990362194932378
0 1.0 0.02746032527305722 0.06182590634388745 0.00025879917184265007 0.00013990362194932378
0 1.0 0.027184141772802553 0.06938532815844452 0.00025879917184265007 0.00013990362194932378
0 1.0 0.02635819529106618 0.09199008131376826 0.00025879917184265007 0.00013990362194932378
0 1.0 0.025607658968643702 0.1125304579115553 0.00025879917184265007 0.00013990362194932378
0 1.0 -0.444571131500914 14.475896243660594 0.00025879917184265007 0.00013990362194932378
0 1.0 -0.041974970035728275 2.186145403145402 0.00025879917184265007 0.00013990362194932378
0 1.0 -0.008854091414401435 1.1750892013334724 0.00025879917184265007 0.00013990362194932378
0 1.0 0.0034314022800377964 0.8000591565663019 0.00025879917184265007 0.00013990362194932378
0 1.0 0.009837715019926592 0.6044984560044333 0.00025879917184265007 0.00013990362194932378
0 1.0 0.013770181509261747 0.48445500311427564 0.00025879917184265007 0.00013990362194932378
0 1.0 0.016429877618446064 0.40326445630328883 0.00025879917184265007 0.00013990362194932378
0 1.0 0.01834863042339134 0.3446921296037549 0.00025879917184265007 0.00013990362194932378
0 1.0 0.03509509267501941 0.2101060693669961 0.00025879917184265007 0.00013990362194932378
0 1.0 0.03524459709831588 0.20220009037913775 0.00025879917184265007 0.00013990362194932378
0 1.0 0.033478661041655 0.29558442917855166 0.00025879917184265007 0.00013990362194932378
0 1.0 0.0254476321687606 0.7203179280426658 0.00025879917184265007 0.00013990362194932378
0 1.0 0.0893839871095816 -2.653161829368096 0.00025879917184265007 0.00013990362194932378
0 1.0 0.062096123267081395 -1.1154882616868596 0.00025879917184265007 0.00013990362194932378
0 1.0 0.04064622955310039 -0.29103105853843114 0.00025879917184265007 0.00013990362194932378
0 1.0 0.03961396505250914 -0.26375811089023415 0.00025879917184265007 0.00013990362194932378
0 1.0 0.03876838411348028 -0.24141743689704778 0.00025879917184265007 0.00013990362194932378
0 1.0 0.03806304239810146 -0.2227819537756208 0.00025879917184265007 0.00013990362194932378
0 1.0 0.03746571661894661 -0.20700030605405517 0.00025879917184265007 0.00013990362194932378
