0 1.0 0.027365869840919065 0.0644112353104919 0.00025879917184265007 0.00013990362194932378
0 1.0 0.026043981409344948 0.1005893067482589 0.00025879917184265007 0.00013990362194932378
0 1.0 0.05592213082601307 -0.7535810416919051 0.00025879917184265007 0.00013990362194932378
0 1.0 0.051932640881630014 -0.7197563548962465 0.00025879917184265007 0.00013990362194932378
0 1.0 0.05747485621678888 -1.0449359855456022 0.00025879917184265007 0.00013990362194932378
0 1.0 0.06644069368690143 -1.5570776648765754 0.00025879917184265007 0.00013990362194932378
0 1.0 0.086557594870728 -2.7006912144430144 0.00025879917184265007 0.00013990362194932378
0 1.0 0.09147081939664513 -3.225866694400384 0.00025879917184265007 0.00013990362194932378
0 1.0 0.09484672472972644 -3.73452439085497 0.00025879917184265007 0.00013990362194932378
0 1.0 -0.018531362622851218 1.4229110969591483 0.00025879917184265007 0.00013990362194932378
0 1.0 -0.00040060107598692535 0.8871510542748122 0.00025879917184265007 0.00013990362194932378
0 1.0 0.02830346388354213 0.0422763426978253 0.00025879917184265007 0.00013990362194932378
0 1.0 0.02852106872914119 0.03593942376445596 0.00025879917184265007 0.00013990362194932378
0 1.0 0.028691389720327035 0.030979468434304543 0.00025879917184265007 0.00013990362194932378
0 1.0 0.028752943861756926 0.029186936640352223 0.00025879917184265007 0.00013990362194932378
0 1.0 0.007547380382717353 0.6522899385647493 0.00025879917184265007 0.00013990362194932378
0 1.0 0.012232049845930104 0.5138589793860388 0.00025879917184265007 0.00013990362194932378
0 1.0 0.016634934572643253 0.38375469760941383 0.00025879917184265007 0.00013990362194932378
0 1.0 0.025715734141463546 0.1176336242030854 0.00025879917184265007 0.00013990362194932378
0 1.0 0.026314872491026608 0.10018570065560686 0.00025879917184265007 0.00013990362194932378
0 1.0 0.02683032161980504 0.08517513675671201 0.00025879917184265007 0.00013990362194932378
0 1.0 0.027639314158641015 0.06161575657019977 0.00025879917184265007 0.00013990362194932378
0 1.0 0.027944823611276818 0.05272091452921434 0.00025879917184265007 0.00013990362194932378
0 1.0 0.028095809955269436 0.046334746684077374 0.00025879917184265007 0.00013990362194932378
0 1.0 0.02828429024427906 0.041018515546882676 0.00025879917184265007 0.00013990362194932378
0 1.0 0.028679349332487284 0.028467139408838903 0.00025879917184265007 0.00013990362194932378
0 1.0 0.028634810531230778 0.02968602625807334 0.00025879917184265007 0.00013990362194932378
0 1.0 0.028535965148770746 0.03239111335941286 0.00025879917184265007 0.00013990362194932378
0 1.0 0.02841456996074902 0.035713317686105056 0.00025879917184265007 0.00013990362194932378
0 1.0 0.02826289491753518 0.039864186373965146 0.00025879917184265007 0.00013990362194932378
0 1.0 0.028146081928295597 0.04306099033785942 0.00025879917184265007 0.00013990362194932378
0 1.0 0.021708090687851612 0.21219595613116776 0.00025879917184265007 0.00013990362194932378
0 1.0 0.02044019433623492 0.24585505424931417 0.00025879917184265007 0.00013990362194932378
0 1.0 0.06055696669509898 -1.1267148383182042 0.00025879917184265007 0.00013990362194932378
0 1.0 0.007979549720166476 1.9021809014753628 0.00025879917184265007 0.00013990362194932378
0 1.0 0.01665480690840022 1.3687676490338532 0.00025879917184265007 0.00013990362194932378
0 1.0 0.05579937957707693 -0.8683007260724589 0.00025879917184265007 0.00013990362194932378
0 1.0 1.1658254969313104 -64.05533948407606 0.00025879917184265007 0.00013990362194932378
0 1.0 -0.04938112102483531 5.027206635640244 0.00025879917184265007 0.00013990362194932378
0 1.0 0.003651843446282805 2.011243185483125 0.00025879917184265007 0.00013990362194932378
0 1.0 0.013904836363125072 1.427679396730299 0.00025879917184265007 0.00013990362194932378
0 1.0 0.01944321287745718 1.1124547585727695 0.00025879917184265007 0.00013990362194932378
0 1.0 0.02307643689326997 0.905664605760645 0.00025879917184265007 0.00013990362194932378
0 1.0 -0.01632928548125923 3.396689293714741 0.00025879917184265007 0.00013990362194932378
0 1.0 0.02569833328703526 0.7564356142190938 0.00025879917184265007 0.00013990362194932378
0 1.0 0.030208941472811387 0.4997250682731347 0.00025879917184265007 0.00013990362194932378
0 1.0 0.03346832282642348 0.3142322005837253 0.00025879917184265007 0.00013990362194932378
0 1.0 0.03448607943700438 0.2563469534060534 0.00025879917184265007 0.00013990362194932378
0 1.0 0.03492170191390187 0.21927518746971347 0.00025879917184265007 0.00013990362194932378
0 1.0 0.034733711194970096 0.22921636941614726 0.00025879917184265007 0.00013990362194932378
0 1.0 0.034306452492371756 0.2518103385485748 0.00025879917184265007 0.00013990362194932378
0 1.0 0.03307187546046025 0.31709521881038705 0.00025879917184265007 0.00013990362194932378
0 1.0 0.028691754145884894 0.5487758772966473 0.00025879917184265007 0.00013990362194932378
0 1.0 0.1653223252416845 -6.662361740263693 0.00025879917184265007 0.00013990362194932378
0 1.0 0.028824767300410056 0.5785097541743263 0.00025879917184265007 0.00013990362194932378
0 1.0 0.03537643344341129 0.2056722169113736 0.00025879917184265007 0.00013990362194932378
0 1.0 0.035070557212728705 0.2114035349874143 0.00025879917184265007 0.00013990362194932378
0 1.0 0.03454228806165147 0.23933906168462774 0.00025879917184265007 0.00013990362194932378
0 1.0 0.03360324807877766 0.2889962764261177 0.00025879917184265007 0.00013990362194932378
0 1.0 0.032403739479334705 0.35243512658714027 0.00025879917184265007 0.00013990362194932378
0 1.0 0.08159333718135013 -2.2418508398683055 0.00025879917184265007 0.00013990362194932378
0 1.0 0.06181401954954531 -1.1013068472922303 0.00025879917184265007 0.00013990362194932378
0 1.0 0.028517051124284116 0.0344487455326931 0.00025879917184265007 0.00013990362194932378
0 1.0 0.028712939288993596 0.028919722826579716 0.00025879917184265007 0.00013990362194932378
0 1.0 0.02510584123928753 0.12626429689044363 0.00025879917184265007 0.00013990362194932378
0 1.0 0.023064656915452276 0.18212655015759277 0.00025879917184265007 0.00013990362194932378
0 1.0 0.028585718215791218 0.031029528462884558 0.00025879917184265007 0.00013990362194932378
0 1.0 0.028477503037429883 0.03399103739601819 0.00025879917184265007 0.00013990362194932378
0 1.0 0.028339019753242878 0.037780889147129404 0.00025879917184265007 0.00013990362194932378
0 1.0 0.028021107243418407 0.046477483135439736 0.00025879917184265007 0.00013990362194932378
0 1.0 0.02784342125847147 0.0513402293885091 0.00025879917184265007 0.00013990362194932378
0 1.0 0.027638826998847312 0.0569401557647251 0.00025879917184265007 0.00013990362194932378
0 1.0 0.027054426441143677 0.07293577642314522 0.00025879917184265007 0.00013990362194932378
0 1.0 0.02665917978710798 0.08375291012460305 0.00025879917184265007 0.00013990362194932378
0 1.0 -0.444571131500914 14.475896243660594 0.00025879917184265007 0.00013990362194932378
0 1.0 -0.041974970035728275 2.186145403145402 0.00025879917184265007 0.00013990362194932378
0 1.0 -0.008854091414401435 1.1750892013334724 0.00025879917184265007 0.00013990362194932378
0 1.0 0.0034314022800377964 0.8000591565663019 0.00025879917184265007 0.00013990362194932378
0 1.0 0.009837715019926592 0.6044984560044333 0.00025879917184265007 0.00013990362194932378
0 1.0 0.013770181509261747 0.48445500311427564 0.00025879917184265007 0.00013990362194932378
0 1.0 0.016429877618446064 0.40326445630328883 0.00025879917184265007 0.00013990362194932378
0 1.0 0.01834863042339134 0.3446921296037549 0.00025879917184265007 0.00013990362194932378
0 1.0 0.03520365791508932 0.20436500507017283 0.00025879917184265007 0.00013990362194932378
0 1.0 0.035317694298965946 0.19833461991566756 0.00025879917184265007 0.00013990362194932378
0 1.0 0.033986715257448674 0.26871843936058315 0.00025879917184265007 0.00013990362194932378
0 1.0 0.031208545485267532 0.4156538620619731 0.00025879917184265007 0.00013990362194932378
0 1.0 -0.01163782191866953 2.6802707080665513 0.00025879917184265007 0.00013990362194932378
0 1.0 0.07538911703126784 -1.7795899376871265 0.00025879917184265007 0.00013990362194932378
0 1.0 0.04064622955310039 -0.29103105853843114 0.00025879917184265007 0.00013990362194932378
0 1.0 0.03961396505250914 -0.26375811089023415 0.00025879917184265007 0.00013990362194932378
0 1.0 0.03876838411348028 -0.24141743689704778 0.00025879917184265007 0.00013990362194932378
0 1.0 0.03806304239810146 -0.2227819537756208 0.00025879917184265007 0.00013990362194932378
0 1.0 0.03746571661894661 -0.20700030605405517 0.00025879917184265007 0.00013990362194932378
