0 1.0 0.07617557421424574 -1.2998042809739847 0.00025879917184265007 0.00013990362194932378
0 1.0 0.05541438237655504 -0.9248147786263293 0.00025879917184265007 0.00013990362194932378
0 1.0 0.08586629961887791 -2.8814797961364267 0.00025879917184265007 0.00013990362194932378
0 1.0 0.1674583775311774 -7.895155141987645 0.00025879917184265007 0.00013990362194932378
0 1.0 0.09135703862492865 -3.501594098423255 0.00025879917184265007 0.00013990362194932378
0 1.0 0.013435394446298621 0.4783004093397132 0.00025879917184265007 0.00013990362194932378
0 1.0 0.022995751110491514 0.196843662707009 0.00025879917184265007 0.00013990362194932378
0 1.0 0.024988116445155834 0.1388235319000054 0.00025879917184265007 0.00013990362194932378
0 1.0 0.027197118983704513 0.0744935092622212 0.00025879917184265007 0.00013990362194932378
0 1.0 0.02814649503731409 0.046849097993022365 0.00025879917184265007 0.00013990362194932378
0 1.0 0.028476071663725136 0.0372497932784989 0.00025879917184265007 0.00013990362194932378
0 1.0 0.028633228617581694 0.03267319079677267 0.00025879917184265007 0.00013990362194932378
0 1.0 0.028737192660839777 0.029645630852976366 0.00025879917184265007 0.00013990362194932378
0 1.0 0.02858965458435424 0.030921802441082336 0.00025879917184265007 0.00013990362194932378
0 1.0 0.028480625073782972 0.03390559708450886 0.00025879917184265007 0.00013990362194932378
0 1.0 0.02805788529328498 0.04547227840625999 0.00025879917184265007 0.00013990362194932378
0 1.0 0.027765272978042 0.053479217147192455 0.00025879917184265007 0.00013990362194932378
0 1.0 0.02716298370560971 0.06996444723395037 0.00025879917184265007 0.00013990362194932378
0 1.0 0.026172941266905163 0.09706000727528408 0.00025879917184265007 0.00013990362194932378
0 1.0 0.024592168533883522 0.13563176452656417 0.00025879917184265007 0.00013990362194932378
0 1.0 0.02270277866247655 0.18578977545863187 0.00025879917184265007 0.00013990362194932378
0 1.0 0.0520535907534681 -0.7096744944806316 0.00025879917184265007 0.00013990362194932378
0 1.0 0.07345762380059356 -1.9559788813736145 0.00025879917184265007 0.00013990362194932378
0 1.0 0.13208281925709497 -5.288727163894309 0.00025879917184265007 0.00013990362194932378
0 1.0 -0.018587579671199173 3.276097875814088 0.00025879917184265007 0.00013990362194932378
0 1.0 0.008893425658484111 1.7129110204635691 0.00025879917184265007 0.00013990362194932378
0 1.0 0.018553270171356176 1.1631071233561414 0.00025879917184265007 0.00013990362194932378
0 1.0 0.022906391959326648 0.9153429569226009 0.00025879917184265007 0.00013990362194932378
0 1.0 0.02531525503815725 0.7782390618677172 0.00025879917184265007 0.00013990362194932378
0 1.0 0.03503712068790544 0.22498429317633376 0.00025879917184265007 0.00013990362194932378
0 1.0 0.03527833799401255 0.20041583004404112 0.00025879917184265007 0.00013990362194932378
0 1.0 0.035065845632485985 0.21165268918350585 0.00025879917184265007 0.00013990362194932378
0 1.0 0.03477653997404832 0.22695153055718892 0.00025879917184265007 0.00013990362194932378
0 1.0 0.027211042020028112 0.6270764805559259 0.00025879917184265007 0.00013990362194932378
0 1.0 0.021121100142555117 0.9490861343851422 0.00025879917184265007 0.00013990362194932378
0 1.0 -0.19736800255804324 11.64250977428123 0.00025879917184265007 0.00013990362194932378
0 1.0 0.03542401278292569 0.20296422607274875 0.00025879917184265007 0.00013990362194932378
0 1.0 0.03361587911972912 0.2883283479711796 0.00025879917184265007 0.00013990362194932378
0 1.0 0.029976194424311455 0.4808379879205703 0.00025879917184265007 0.00013990362194932378
0 1.0 -2.7748301391147644e-05 2.066942259898774 0.00025879917184265007 0.00013990362194932378
0 1.0 0.10362455619387305 -3.4049993031421826 0.00025879917184265007 0.00013990362194932378
0 1.0 0.061168280248587975 -1.0688453941155238 0.00025879917184265007 0.00013990362194932378
0 1.0 0.028359164497772264 0.03722959087471633 0.00025879917184265007 0.00013990362194932378
0 1.0 0.02821383111818543 0.04120690818312376 0.00025879917184265007 0.00013990362194932378
0 1.0 0.02748420498045961 0.06117229756920999 0.00025879917184265007 0.00013990362194932378
0 1.0 0.02678311563008907 0.08036110500329528 0.00025879917184265007 0.00013990362194932378
0 1.0 0.025658275553281998 0.11114519479889799 0.00025879917184265007 0.00013990362194932378
0 1.0 0.024406094560307637 0.1454149631653657 0.00025879917184265007 0.00013990362194932378
0 1.0 0.019368685735439334 0.2834270590892834 0.00025879917184265007 0.00013990362194932378
0 1.0 0.00547512576503439 0.6476332511138421 0.00025879917184265007 0.00013990362194932378
0 1.0 -0.3664082429569285 10.645851430914783 0.00025879917184265007 0.00013990362194932378
0 1.0 -0.444571131500914 14.475896243660594 0.00025879917184265007 0.00013990362194932378
0 1.0 -0.041974970035728275 2.186145403145402 0.00025879917184265007 0.00013990362194932378
0 1.0 -0.008854091414401435 1.1750892013334724 0.00025879917184265007 0.00013990362194932378
0 1.0 0.0034314022800377964 0.8000591565663019 0.00025879917184265007 0.00013990362194932378
0 1.0 0.009837792694019309 0.6044960849057047 0.00025879917184265007 0.00013990362194932378
0 1.0 0.013776013364763527 0.48427697843864465 0.00025879917184265007 0.00013990362194932378
0 1.0 0.016462746058267398 0.40226110611124755 0.00025879917184265007 0.00013990362194932378
0 1.0 0.018644779642420516 0.33565180467806244 0.00025879917184265007 0.00013990362194932378
0 1.0 0.03170429737699455 0.3894315016252487 0.00025879917184265007 0.00013990362194932378
0 1.0 0.032843283400944695 0.3291858373104501 0.00025879917184265007 0.00013990362194932378
0 1.0 0.07963108178873488 -1.989370792637071 0.00025879917184265007 0.00013990362194932378
0 1.0 0.04064622955310039 -0.29103105853843114 0.00025879917184265007 0.00013990362194932378
0 1.0 0.03961396505250914 -0.26375811089023415 0.00025879917184265007 0.00013990362194932378
0 1.0 0.03876838411348028 -0.24141743689704778 0.00025879917184265007 0.00013990362194932378
0 1.0 0.03806304239810146 -0.2227819537756208 0.00025879917184265007 0.00013990362194932378
0 1.0 0.037465700580033894 -0.20699988229790894 0.00025879917184265007 0.00013990362194932378
