0 1.0 0.06087723425616443 -1.2408039242385493 0.00025879917184265007 0.00013990362194932378
0 1.0 0.06735364483607034 -1.7439129729139073 0.00025879917184265007 0.00013990362194932378
0 1.0 0.08586629961887791 -2.8814797961364267 0.00025879917184265007 0.00013990362194932378
0 1.0 0.171112410939985 -8.119688426142416 0.00025879917184265007 0.00013990362194932378
0 1.0 0.028153924520879496 0.04663262582276175 0.00025879917184265007 0.00013990362194932378
0 1.0 0.028551951045293428 0.035040092991776454 0.00025879917184265007 0.00013990362194932378
0 1.0 0.028670308946492005 0.03159336632098759 0.00025879917184265007 0.00013990362194932378
0 1.0 0.028754372936459827 0.0291453202392235 0.00025879917184265007 0.00013990362194932378
0 1.0 0.026513893288041962 0.08772902776527736 0.00025879917184265007 0.00013990362194932378
0 1.0 0.024596231132872612 0.13552391389838503 0.00025879917184265007 0.00013990362194932378
0 1.0 0.022112060842036492 0.2014716796245174 0.00025879917184265007 0.00013990362194932378
0 1.0 0.02044019433623492 0.24585505424931417 0.00025879917184265007 0.00013990362194932378
0 1.0 0.0698472553960043 -1.7507352313359883 0.00025879917184265007 0.00013990362194932378
0 1.0 0.09070318808569146 -2.9363615360447697 0.00025879917184265007 0.00013990362194932378
0 1.0 0.6529543620205835 -34.89943849784514 0.00025879917184265007 0.00013990362194932378
0 1.0 0.0144851817061827 1.3946482096489663 0.00025879917184265007 0.00013990362194932378
0 1.0 0.02343598612492423 0.8852003458543841 0.00025879917184265007 0.00013990362194932378
0 1.0 0.03129172213806815 0.4112543061428652 0.00025879917184265007 0.00013990362194932378
0 1.0 0.019689092349264546 1.0248044816330741 0.00025879917184265007 0.00013990362194932378
0 1.0 -0.39482078069318344 22.910654283555438 0.00025879917184265007 0.00013990362194932378
0 1.0 0.10726735580971747 -3.349427226242553 0.00025879917184265007 0.00013990362194932378
0 1.0 0.028840811304382628 0.5408930797949176 0.00025879917184265007 0.00013990362194932378
0 1.0 0.07151811148511002 -1.58724393704189 0.00025879917184265007 0.00013990362194932378
0 1.0 0.05705780707937141 -0.9366537415325874 0.00025879917184265007 0.00013990362194932378
0 1.0 0.02464809576046315 0.13879203279972024 0.00025879917184265007 0.00013990362194932378
0 1.0 0.020025635358064953 0.2653308033768171 0.00025879917184265007 0.00013990362194932378
0 1.0 0.004458609230630136 0.6749626639060213 0.00025879917184265007 0.00013990362194932378
0 1.0 -0.1756071422728025 5.516095184643048 0.00025879917184265007 0.00013990362194932378
0 1.0 -0.1280927493875534 4.814998215155902 0.00025879917184265007 0.00013990362194932378
0 1.0 0.010288019432659917 0.5907523511863046 0.00025879917184265007 0.00013990362194932378
0 1.0 0.01823652667999746 0.34811423643553746 0.00025879917184265007 0.00013990362194932378
0 1.0 0.06492876550246303 -1.3608411113547083 0.00025879917184265007 0.00013990362194932378
0 1.0 0.061168280248587975 -1.0688453941155238 0.00025879917184265007 0.00013990362194932378
0 1.0 0.04063013478589305 -0.2906058266882575 0.00025879917184265007 0.00013990362194932378
0 1.0 0.03751463434962186 -0.20829273711897214 0.00025879917184265007 0.00013990362194932378
