0 1.0 0.053568705190919455 -0.8161129537054728 0.00025879917184265007 0.00013990362194932378
0 1.0 0.06679085952333232 -1.7093309041680351 0.00025879917184265007 0.00013990362194932378
0 1.0 0.08586629961887791 -2.8814797961364267 0.00025879917184265007 0.00013990362194932378
0 1.0 0.1674583775311774 -7.895155141987645 0.00025879917184265007 0.00013990362194932378
0 1.0 0.09135703862492865 -3.501594098423255 0.00025879917184265007 0.00013990362194932378
0 1.0 0.024027793805842124 0.16678930915003756 0.00025879917184265007 0.00013990362194932378
0 1.0 0.02627151815734495 0.101448239483498 0.00025879917184265007 0.00013990362194932378
0 1.0 0.0269849147984864 0.08067317786810292 0.00025879917184265007 0.00013990362194932378
0 1.0 0.027939503156872728 0.05287581841550106 0.00025879917184265007 0.00013990362194932378
0 1.0 0.028517710600501078 0.03603721657279899 0.00025879917184265007 0.00013990362194932378
0 1.0 0.028685022255824436 0.031164896779215787 0.00025879917184265007 0.00013990362194932378
0 1.0 0.028752383553037865 0.02920325351473347 0.00025879917184265007 0.00013990362194932378
0 1.0 0.028321345629430845 0.038264574304306284 0.00025879917184265007 0.00013990362194932378
0 1.0 0.028161110957870338 0.042649693087179044 0.00025879917184265007 0.00013990362194932378
0 1.0 0.02753742011927409 0.05971575201407767 0.00025879917184265007 0.00013990362194932378
0 1.0 0.02697054953956415 0.0752315211898276 0.00025879917184265007 0.00013990362194932378
0 1.0 0.02601201982537696 0.10146401306065544 0.00025879917184265007 0.00013990362194932378
0 1.0 0.023744346122063408 0.15813907571949318 0.00025879917184265007 0.00013990362194932378
0 1.0 0.021701378025251766 0.2123741585282286 0.00025879917184265007 0.00013990362194932378
0 1.0 0.02044019433623492 0.24585505424931417 0.00025879917184265007 0.00013990362194932378
0 1.0 0.06217437141753869 -1.3145440902729923 0.00025879917184265007 0.00013990362194932378
0 1.0 0.08396197463646131 -2.5531343694641913 0.00025879917184265007 0.00013990362194932378
0 1.0 0.18585710625173193 -8.345709084886444 0.00025879917184265007 0.00013990362194932378
0 1.0 0.003651908344855644 2.0112394916878236 0.00025879917184265007 0.00013990362194932378
0 1.0 0.013904909549793659 1.4276752312061447 0.00025879917184265007 0.00013990362194932378
0 1.0 0.01946971865628866 1.1109461441765458 0.00025879917184265007 0.00013990362194932378
0 1.0 0.024245405179010547 0.8391311001499937 0.00025879917184265007 0.00013990362194932378
0 1.0 0.035430963212354345 0.20256864052218337 0.00025879917184265007 0.00013990362194932378
0 1.0 0.03496428143154554 0.2170235298639944 0.00025879917184265007 0.00013990362194932378
0 1.0 0.03415347403528237 0.2599000287441967 0.00025879917184265007 0.00013990362194932378
0 1.0 0.033410746718483764 0.29917573326173635 0.00025879917184265007 0.00013990362194932378
0 1.0 0.003775671585026871 1.866017985551736 0.00025879917184265007 0.00013990362194932378
0 1.0 0.2518859329872875 -11.232527706455166 0.00025879917184265007 0.00013990362194932378
0 1.0 0.10407232100296838 -3.192190847662222 0.00025879917184265007 0.00013990362194932378
0 1.0 0.03526540730043936 0.2010996211281704 0.00025879917184265007 0.00013990362194932378
0 1.0 0.03123175581697696 0.4144261719732466 0.00025879917184265007 0.00013990362194932378
0 1.0 0.019682830320974593 1.0251355904683448 0.00025879917184265007 0.00013990362194932378
0 1.0 0.07292103667080498 -1.7839926974678952 0.00025879917184265007 0.00013990362194932378
0 1.0 0.06327857049277079 -1.1749301373691108 0.00025879917184265007 0.00013990362194932378
0 1.0 0.02799204481439795 0.0472722708226694 0.00025879917184265007 0.00013990362194932378
0 1.0 0.027763963513282867 0.0535150583592423 0.00025879917184265007 0.00013990362194932378
0 1.0 0.02662894519067279 0.0845803532319627 0.00025879917184265007 0.00013990362194932378
0 1.0 0.025508679440593863 0.11523930699917058 0.00025879917184265007 0.00013990362194932378
0 1.0 0.023402290857089714 0.17288640555043305 0.00025879917184265007 0.00013990362194932378
0 1.0 0.017903436295370632 0.323914632765767 0.00025879917184265007 0.00013990362194932378
0 1.0 -0.015858404824014155 1.2211928972679447 0.00025879917184265007 0.00013990362194932378
0 1.0 0.9455222762923439 -24.625872640189368 0.00025879917184265007 0.00013990362194932378
0 1.0 -0.444571131500914 14.475896243660594 0.00025879917184265007 0.00013990362194932378
0 1.0 -0.041974970035728275 2.186145403145402 0.00025879917184265007 0.00013990362194932378
0 1.0 -0.008854091414401435 1.1750892013334724 0.00025879917184265007 0.00013990362194932378
0 1.0 0.00343571024219139 0.7999276506391086 0.00025879917184265007 0.00013990362194932378
0 1.0 0.009851674184181697 0.6040723350746824 0.00025879917184265007 0.00013990362194932378
0 1.0 0.014868161244118954 0.45093779986965965 0.00025879917184265007 0.00013990362194932378
0 1.0 0.019215051601353037 0.3182435406223219 0.00025879917184265007 0.00013990362194932378
0 1.0 0.026334315168530773 0.6734339853783808 0.00025879917184265007 0.00013990362194932378
0 1.0 0.029055817130508806 0.5295205356599126 0.00025879917184265007 0.00013990362194932378
0 1.0 0.04064622955310039 -0.29103105853843114 0.00025879917184265007 0.00013990362194932378
0 1.0 0.03961396505250914 -0.26375811089023415 0.00025879917184265007 0.00013990362194932378
0 1.0 0.03876830534568322 -0.2414153558122056 0.00025879917184265007 0.00013990362194932378
0 1.0 0.038062734729394504 -0.22277382501353224 0.00025879917184265007 0.00013990362194932378
0 1.0 0.03746321969163188 -0.2069343359776874 0.00025879917184265007 0.00013990362194932378
