0 1.0 0.0577994439372317 -1.063697023640528 0.00025879917184265007 0.00013990362194932378
0 1.0 0.05640061697689547 -1.0708705998664516 0.00025879917184265007 0.00013990362194932378
0 1.0 0.06229902477728498 -1.4333163485870102 0.00025879917184265007 0.00013990362194932378
0 1.0 0.14615828310632867 -6.586305545131568 0.00025879917184265007 0.00013990362194932378
0 1.0 0.07539368864343608 -2.2379581112162032 0.00025879917184265007 0.00013990362194932378
0 1.0 0.09553284749959698 -3.780321855907822 0.00025879917184265007 0.00013990362194932378
0 1.0 0.028511770629364806 0.03157820376073114 0.00025879917184265007 0.00013990362194932378
0 1.0 0.02733049289260601 0.06537954046397469 0.00025879917184265007 0.00013990362194932378
0 1.0 0.02696537408024271 0.07537316019440751 0.00025879917184265007 0.00013990362194932378
0 1.0 0.02603436101342028 0.10085259223033902 0.00025879917184265007 0.00013990362194932378
0 1.0 0.026713809998664864 0.07930869329098271 0.00025879917184265007 0.00013990362194932378
0 1.0 0.0542174564755177 -0.8543213950864581 0.00025879917184265007 0.00013990362194932378
0 1.0 -0.018531362622851218 1.4229110969591483 0.00025879917184265007 0.00013990362194932378
0 1.0 -0.00040060107598692535 0.8871510542748122 0.00025879917184265007 0.00013990362194932378
0 1.0 0.024391828070252728 0.15618818330637185 0.00025879917184265007 0.00013990362194932378
0 1.0 0.02564825736171554 0.11959866387434742 0.00025879917184265007 0.00013990362194932378
0 1.0 0.025885531414801998 0.1126888360933352 0.00025879917184265007 0.00013990362194932378
0 1.0 0.02609982970550766 0.10644810195793426 0.00025879917184265007 0.00013990362194932378
0 1.0 0.026471671913871824 0.09561949300383331 0.00025879917184265007 0.00013990362194932378
0 1.0 0.026634013293545245 0.09089189620141463 0.00025879917184265007 0.00013990362194932378
0 1.0 0.026920727124971754 0.08254240825577776 0.00025879917184265007 0.00013990362194932378
0 1.0 0.027047956902157434 0.07883730799726346 0.00025879917184265007 0.00013990362194932378
0 1.0 0.02727600770885519 0.07219592796127786 0.00025879917184265007 0.00013990362194932378
0 1.0 0.02737868889537371 0.06920540715297448 0.00025879917184265007 0.00013990362194932378
0 1.0 0.007547380382717353 0.6522899385647493 0.00025879917184265007 0.00013990362194932378
0 1.0 0.027476887113191607 0.06634544980655485 0.00025879917184265007 0.00013990362194932378
0 1.0 0.02769631877375616 0.059956079454870755 0.00025879917184265007 0.00013990362194932378
0 1.0 0.027838469199719128 0.0558174003597047 0.00025879917184265007 0.00013990362194932378
0 1.0 0.028186267843746414 0.045690241438598914 0.00025879917184265007 0.00013990362194932378
0 1.0 0.028434692536724596 0.03845480400615132 0.00025879917184265007 0.00013990362194932378
0 1.0 0.028641403413789547 0.03243513074473963 0.00025879917184265007 0.00013990362194932378
0 1.0 0.028735306995810037 0.02970054372220038 0.00025879917184265007 0.00013990362194932378
0 1.0 0.012232049845930104 0.5138589793860388 0.00025879917184265007 0.00013990362194932378
0 1.0 0.015309552152119819 0.42291945857972735 0.00025879917184265007 0.00013990362194932378
0 1.0 0.01749119388734505 0.35845242192685384 0.00025879917184265007 0.00013990362194932378
0 1.0 0.02133812437693726 0.2451157934436181 0.00025879917184265007 0.00013990362194932378
0 1.0 0.02217733676852146 0.22067689567350743 0.00025879917184265007 0.00013990362194932378
0 1.0 0.022872997361839276 0.2004184029566695 0.00025879917184265007 0.00013990362194932378
0 1.0 0.023459046962174677 0.18335191726789857 0.00025879917184265007 0.00013990362194932378
0 1.0 0.02395949899775119 0.16877813802089447 0.00025879917184265007 0.00013990362194932378
0 1.0 0.024769061548930264 0.14520268009727283 0.00025879917184265007 0.00013990362194932378
0 1.0 0.02828381967184083 0.03929154168827314 0.00025879917184265007 0.00013990362194932378
0 1.0 0.028051723783527407 0.045640682624800026 0.00025879917184265007 0.00013990362194932378
0 1.0 0.02749927634657863 0.06075978090911145 0.00025879917184265007 0.00013990362194932378
0 1.0 0.027831038722435322 0.05167915038404751 0.00025879917184265007 0.00013990362194932378
0 1.0 0.027690726758616297 0.05551961330090647 0.00025879917184265007 0.00013990362194932378
0 1.0 0.02831280708695608 0.0368620190608029 0.00025879917184265007 0.00013990362194932378
0 1.0 0.02750164347473596 0.05839213337511767 0.00025879917184265007 0.00013990362194932378
0 1.0 0.024076395046168896 0.15443796355678863 0.00025879917184265007 0.00013990362194932378
0 1.0 0.022611521410322286 0.18821239998967929 0.00025879917184265007 0.00013990362194932378
0 1.0 0.020761253710643378 0.23733182680159245 0.00025879917184265007 0.00013990362194932378
0 1.0 0.02629433599412494 0.10078375074782889 0.00025879917184265007 0.00013990362194932378
0 1.0 0.026783185063717352 0.08654781593613926 0.00025879917184265007 0.00013990362194932378
0 1.0 0.027166004945947807 0.07539959202196593 0.00025879917184265007 0.00013990362194932378
0 1.0 0.02757888560633684 0.06337512088077568 0.00025879917184265007 0.00013990362194932378
0 1.0 0.028015975746123644 0.0506493354180571 0.00025879917184265007 0.00013990362194932378
0 1.0 0.028552295552884396 0.03503006050987131 0.00025879917184265007 0.00013990362194932378
0 1.0 0.028404728931103348 0.0359826357027476 0.00025879917184265007 0.00013990362194932378
0 1.0 0.0283510445766342 0.037451807566966644 0.00025879917184265007 0.00013990362194932378
0 1.0 -4.416644576579505 253.29912568817014 0.00025879917184265007 0.00013990362194932378
0 1.0 0.008318350763102585 1.8813491310365313 0.00025879917184265007 0.00013990362194932378
0 1.0 0.01668800282927217 1.3667265401957112 0.00025879917184265007 0.00013990362194932378
0 1.0 0.024126471489795617 0.9093593780122438 0.00025879917184265007 0.00013990362194932378
0 1.0 0.05793725631997672 -0.9844220932492228 0.00025879917184265007 0.00013990362194932378
0 1.0 0.0517729526340361 -0.7103514578389643 0.00025879917184265007 0.00013990362194932378
0 1.0 0.06388318004752323 -1.4116871186653295 0.00025879917184265007 0.00013990362194932378
0 1.0 0.11191013615352051 -4.141942501706604 0.00025879917184265007 0.00013990362194932378
0 1.0 0.003568614655025386 2.0159802714397204 0.00025879917184265007 0.00013990362194932378
0 1.0 0.020025847327876427 1.0792932836646911 0.00025879917184265007 0.00013990362194932378
0 1.0 0.07601164893465576 -2.1011711116558263 0.00025879917184265007 0.00013990362194932378
0 1.0 0.02329404939499055 0.8932788782941429 0.00025879917184265007 0.00013990362194932378
0 1.0 0.028825491277592256 0.5784685467048938 0.00025879917184265007 0.00013990362194932378
0 1.0 0.034157323815378456 0.2596964476067548 0.00025879917184265007 0.00013990362194932378
0 1.0 0.03359033432101669 0.28967915492376844 0.00025879917184265007 0.00013990362194932378
0 1.0 0.03319841199968572 0.310403976539642 0.00025879917184265007 0.00013990362194932378
0 1.0 0.030002915490141013 0.4794246006372733 0.00025879917184265007 0.00013990362194932378
0 1.0 0.02863298681864304 0.551883552127149 0.00025879917184265007 0.00013990362194932378
0 1.0 0.025805913419650422 0.7013735729250422 0.00025879917184265007 0.00013990362194932378
0 1.0 0.018360577973977516 1.0950505468173344 0.00025879917184265007 0.00013990362194932378
0 1.0 0.09394521047635604 -2.6938081128878064 0.00025879917184265007 0.00013990362194932378
0 1.0 0.02975695543111895 0.5254512948105683 0.00025879917184265007 0.00013990362194932378
0 1.0 0.03051608589975907 0.48224296400774685 0.00025879917184265007 0.00013990362194932378
0 1.0 0.032871473325410065 0.34817857947758246 0.00025879917184265007 0.00013990362194932378
0 1.0 0.033175095163931474 0.3308994504770983 0.00025879917184265007 0.00013990362194932378
0 1.0 0.03369234086817931 0.3014988702736276 0.00025879917184265007 0.00013990362194932378
0 1.0 0.035175220026670714 0.21712433236112683 0.00025879917184265007 0.00013990362194932378
0 1.0 0.035110565344949336 0.20928785542619857 0.00025879917184265007 0.00013990362194932378
0 1.0 0.03477956403666003 0.2267916143825437 0.00025879917184265007 0.00013990362194932378
0 1.0 0.02677740773737781 0.6950185451061461 0.00025879917184265007 0.00013990362194932378
0 1.0 0.031146653980183837 0.4463521713993263 0.00025879917184265007 0.00013990362194932378
0 1.0 0.4034324130537309 -17.924517602319828 0.00025879917184265007 0.00013990362194932378
0 1.0 0.06268769587273705 -1.1452267434714574 0.00025879917184265007 0.00013990362194932378
0 1.0 0.03252752608607523 0.3677554331408501 0.00025879917184265007 0.00013990362194932378
0 1.0 0.03344674299792626 0.31545881198580905 0.00025879917184265007 0.00013990362194932378
0 1.0 0.03435036950924288 0.26407092025467777 0.00025879917184265007 0.00013990362194932378
0 1.0 0.035433789120927435 0.20240780317965631 0.00025879917184265007 0.00013990362194932378
0 1.0 0.03437253033937234 0.24831606019593025 0.00025879917184265007 0.00013990362194932378
0 1.0 0.03390866486542965 0.2728458407156105 0.00025879917184265007 0.00013990362194932378
0 1.0 0.03167809363916816 0.39081752529866326 0.00025879917184265007 0.00013990362194932378
0 1.0 -0.02313751773445122 3.287463397506967 0.00025879917184265007 0.00013990362194932378
0 1.0 0.028515668168769815 0.03294657783767404 0.00025879917184265007 0.00013990362194932378
0 1.0 0.02846211448774165 0.0344121735809765 0.00025879917184265007 0.00013990362194932378
0 1.0 0.02821481615062119 0.04117995094475739 0.00025879917184265007 0.00013990362194932378
0 1.0 0.02813029353768768 0.04349306891069176 0.00025879917184265007 0.00013990362194932378
0 1.0 0.027952678962634116 0.04834974910587962 0.00025879917184265007 0.00013990362194932378
0 1.0 0.02652640909458589 0.08738650234477031 0.00025879917184265007 0.00013990362194932378
0 1.0 0.02547771562714508 0.11608671756438954 0.00025879917184265007 0.00013990362194932378
0 1.0 0.024765398528388854 0.1355817674656224 0.00025879917184265007 0.00013990362194932378
0 1.0 0.027196470215423155 0.06649261487036487 0.00025879917184265007 0.00013990362194932378
0 1.0 0.023037501348414466 0.1828697259328182 0.00025879917184265007 0.00013990362194932378
0 1.0 0.021620571975215518 0.2216473211088086 0.00025879917184265007 0.00013990362194932378
0 1.0 0.01992764023797425 0.2680301652314563 0.00025879917184265007 0.00013990362194932378
0 1.0 0.017171950714220573 0.34420053643459886 0.00025879917184265007 0.00013990362194932378
0 1.0 0.004515560494337656 0.6951935285206894 0.00025879917184265007 0.00013990362194932378
0 1.0 -0.20293894404984775 6.250920509994682 0.00025879917184265007 0.00013990362194932378
0 1.0 0.024274506119456713 0.15419170632082774 0.00025879917184265007 0.00013990362194932378
0 1.0 0.027438302232836356 0.064894111366942 0.00025879917184265007 0.00013990362194932378
0 1.0 0.02868222775656553 0.029786568255379123 0.00025879917184265007 0.00013990362194932378
0 1.0 0.02870282942267974 0.028088936845169155 0.00025879917184265007 0.00013990362194932378
0 1.0 0.02865237950087593 0.0292052188395768 0.00025879917184265007 0.00013990362194932378
0 1.0 0.02860563022390214 0.030484599453940685 0.00025879917184265007 0.00013990362194932378
0 1.0 0.028565423667851152 0.03158492638329217 0.00025879917184265007 0.00013990362194932378
0 1.0 -0.444571131500914 14.475896243660594 0.00025879917184265007 0.00013990362194932378
0 1.0 -0.041974970035728275 2.186145403145402 0.00025879917184265007 0.00013990362194932378
0 1.0 -0.008854091414401435 1.1750892013334724 0.00025879917184265007 0.00013990362194932378
0 1.0 0.0034314022800377964 0.8000591565663019 0.00025879917184265007 0.00013990362194932378
0 1.0 0.009837715019926592 0.6044984560044333 0.00025879917184265007 0.00013990362194932378
0 1.0 0.013770181509261747 0.48445500311427564 0.00025879917184265007 0.00013990362194932378
0 1.0 0.016429877618446064 0.40326445630328883 0.00025879917184265007 0.00013990362194932378
0 1.0 0.01834863042339134 0.3446921296037549 0.00025879917184265007 0.00013990362194932378
0 1.0 0.03213385332863525 0.39016257319675857 0.00025879917184265007 0.00013990362194932378
0 1.0 0.031678786678375925 0.41606414239204925 0.00025879917184265007 0.00013990362194932378
0 1.0 0.06622216985967556 -1.429942721396182 0.00025879917184265007 0.00013990362194932378
0 1.0 0.033944031458008034 0.28719261444211985 0.00025879917184265007 0.00013990362194932378
0 1.0 0.03526272520568861 0.20124145361897822 0.00025879917184265007 0.00013990362194932378
0 1.0 0.03496222805681085 0.21713211486200798 0.00025879917184265007 0.00013990362194932378
0 1.0 0.03459016172361001 0.2368074431734797 0.00025879917184265007 0.00013990362194932378
0 1.0 0.08681021113231024 -2.517278128558199 0.00025879917184265007 0.00013990362194932378
0 1.0 0.03273151267078142 0.3350978518111052 0.00025879917184265007 0.00013990362194932378
0 1.0 0.03224223247497458 0.36097789758219045 0.00025879917184265007 0.00013990362194932378
0 1.0 0.031035905780636065 0.42478548744975747 0.00025879917184265007 0.00013990362194932378
0 1.0 0.04064622955310039 -0.29103105853843114 0.00025879917184265007 0.00013990362194932378
0 1.0 0.03961396505250914 -0.26375811089023415 0.00025879917184265007 0.00013990362194932378
0 1.0 0.03876838411348028 -0.24141743689704778 0.00025879917184265007 0.00013990362194932378
0 1.0 0.03806304239810146 -0.2227819537756208 0.00025879917184265007 0.00013990362194932378
0 1.0 0.03746571661894661 -0.20700030605405517 0.00025879917184265007 0.00013990362194932378
