0 1.0 0.02589168210040704 0.10475737779592413 0.00025879917184265007 0.00013990362194932378
0 1.0 0.018874945337074723 0.2970275730353481 0.00025879917184265007 0.00013990362194932378
0 1.0 0.05360827737901328 -0.8184435720256111 0.00025879917184265007 0.00013990362194932378
0 1.0 0.05816803134712775 -1.0850012258726314 0.00025879917184265007 0.00013990362194932378
0 1.0 0.07203198902971152 -1.8749338324460634 0.00025879917184265007 0.00013990362194932378
0 1.0 0.08223352517840413 -2.6582528344598453 0.00025879917184265007 0.00013990362194932378
0 1.0 0.14617962099739198 -6.5876167172587055 0.00025879917184265007 0.00013990362194932378
0 1.0 0.10517872583773585 -4.424166945291111 0.00025879917184265007 0.00013990362194932378
0 1.0 -0.018531362622851218 1.4229110969591483 0.00025879917184265007 0.00013990362194932378
0 1.0 -0.00040060107598692535 0.8871510542748122 0.00025879917184265007 0.00013990362194932378
0 1.0 0.028687273757407983 0.031099330302632934 0.00025879917184265007 0.00013990362194932378
0 1.0 0.0287501542096725 0.029268174716933788 0.00025879917184265007 0.00013990362194932378
0 1.0 0.007547380382717353 0.6522899385647493 0.00025879917184265007 0.00013990362194932378
0 1.0 0.014215132063177788 0.45525933311012523 0.00025879917184265007 0.00013990362194932378
0 1.0 0.02534400321035359 0.1284595157068773 0.00025879917184265007 0.00013990362194932378
0 1.0 0.027313405155597454 0.07110675236395478 0.00025879917184265007 0.00013990362194932378
0 1.0 0.0275840748329402 0.06322403766369847 0.00025879917184265007 0.00013990362194932378
0 1.0 0.027891366035727675 0.05427732035005327 0.00025879917184265007 0.00013990362194932378
0 1.0 0.028322212610864143 0.04173035685446607 0.00025879917184265007 0.00013990362194932378
0 1.0 0.02853266831658213 0.035601629607936065 0.00025879917184265007 0.00013990362194932378
0 1.0 0.028567211456831148 0.033032949851468374 0.00025879917184265007 0.00013990362194932378
0 1.0 0.028682200289545504 0.02978734352313272 0.00025879917184265007 0.00013990362194932378
0 1.0 0.028591381424903996 0.030874544248731983 0.00025879917184265007 0.00013990362194932378
0 1.0 0.02854326233011994 0.032191412466436656 0.00025879917184265007 0.00013990362194932378
0 1.0 0.02842267023848299 0.03549163857201712 0.00025879917184265007 0.00013990362194932378
0 1.0 0.02819670286478403 0.04167565458474082 0.00025879917184265007 0.00013990362194932378
0 1.0 0.027830521255624675 0.05169331390968629 0.00025879917184265007 0.00013990362194932378
0 1.0 0.027490269072250113 0.06100631799760429 0.00025879917184265007 0.00013990362194932378
0 1.0 0.08856742981236977 -2.6100513067552806 0.00025879917184265007 0.00013990362194932378
0 1.0 0.058373519311279806 -1.008118246531675 0.00025879917184265007 0.00013990362194932378
0 1.0 0.023853930967593594 0.9261170052751123 0.00025879917184265007 0.00013990362194932378
0 1.0 0.0542894653042255 -0.789330496384542 0.00025879917184265007 0.00013990362194932378
0 1.0 1.3943344225378376 -77.04570520355325 0.00025879917184265007 0.00013990362194932378
0 1.0 -0.04826923301352635 4.963997586507147 0.00025879917184265007 0.00013990362194932378
0 1.0 0.004182198620264358 1.981057260531885 0.00025879917184265007 0.00013990362194932378
0 1.0 0.0161647016513126 1.2990559245069406 0.00025879917184265007 0.00013990362194932378
0 1.0 0.021011854740695984 1.0231732583969293 0.00025879917184265007 0.00013990362194932378
0 1.0 0.024235159829412184 0.8397142289083196 0.00025879917184265007 0.00013990362194932378
0 1.0 0.005133589625461548 2.0771696997895224 0.00025879917184265007 0.00013990362194932378
0 1.0 0.02709088654486085 0.677176449430061 0.00025879917184265007 0.00013990362194932378
0 1.0 0.034166038639212186 0.27456216104140163 0.00025879917184265007 0.00013990362194932378
0 1.0 0.03518410387817899 0.21661870557560214 0.00025879917184265007 0.00013990362194932378
0 1.0 0.03544042386388245 0.20203018500920267 0.00025879917184265007 0.00013990362194932378
0 1.0 0.034535093541467596 0.23971951681864564 0.00025879917184265007 0.00013990362194932378
0 1.0 0.03423833779235012 0.2554123282105631 0.00025879917184265007 0.00013990362194932378
0 1.0 0.03309028220399805 0.3161218716556364 0.00025879917184265007 0.00013990362194932378
0 1.0 0.02743013569588184 0.6154915182280836 0.00025879917184265007 0.00013990362194932378
0 1.0 1.0203338144198486 -51.80309131831415 0.00025879917184265007 0.00013990362194932378
0 1.0 0.09394521047635604 -2.6938081128878064 0.00025879917184265007 0.00013990362194932378
0 1.0 0.03149292430650323 0.42664309183411203 0.00025879917184265007 0.00013990362194932378
0 1.0 0.03525342344153015 0.2017333424231027 0.00025879917184265007 0.00013990362194932378
0 1.0 0.03476313719844134 0.22766028592369517 0.00025879917184265007 0.00013990362194932378
0 1.0 0.03380273433905578 0.27844745862711817 0.00025879917184265007 0.00013990362194932378
0 1.0 0.030323936496077016 0.4624444767771554 0.00025879917184265007 0.00013990362194932378
0 1.0 0.02140607514183112 0.9340178951945023 0.00025879917184265007 0.00013990362194932378
0 1.0 0.06167155415417851 -1.094145081306884 0.00025879917184265007 0.00013990362194932378
0 1.0 0.028702458195070325 0.028091073256595683 0.00025879917184265007 0.00013990362194932378
0 1.0 0.028647018693442074 0.029351927271282618 0.00025879917184265007 0.00013990362194932378
0 1.0 0.01456295539812751 0.41655442695351497 0.00025879917184265007 0.00013990362194932378
0 1.0 -0.029509332355598005 1.5882029958547117 0.00025879917184265007 0.00013990362194932378
0 1.0 0.028488340666218633 0.03369444559662477 0.00025879917184265007 0.00013990362194932378
0 1.0 0.02832560749224591 0.038147940528992196 0.00025879917184265007 0.00013990362194932378
0 1.0 0.02803447525034305 0.046112113469861694 0.00025879917184265007 0.00013990362194932378
0 1.0 0.02731167286868672 0.06589466477820456 0.00025879917184265007 0.00013990362194932378
0 1.0 0.026993893613428847 0.0745926250806557 0.00025879917184265007 0.00013990362194932378
0 1.0 0.026608773780750824 0.08513239281818455 0.00025879917184265007 0.00013990362194932378
0 1.0 0.025095231058262443 0.1265546894695289 0.00025879917184265007 0.00013990362194932378
0 1.0 0.02336522097881349 0.1739009097030098 0.00025879917184265007 0.00013990362194932378
0 1.0 -0.444571131500914 14.475896243660594 0.00025879917184265007 0.00013990362194932378
0 1.0 -0.041974970035728275 2.186145403145402 0.00025879917184265007 0.00013990362194932378
0 1.0 -0.008854091414401435 1.1750892013334724 0.00025879917184265007 0.00013990362194932378
0 1.0 0.0034314022800377964 0.8000591565663019 0.00025879917184265007 0.00013990362194932378
0 1.0 0.009837715019926592 0.6044984560044333 0.00025879917184265007 0.00013990362194932378
0 1.0 0.013770181509261747 0.48445500311427564 0.00025879917184265007 0.00013990362194932378
0 1.0 0.016429877618446064 0.40326445630328883 0.00025879917184265007 0.00013990362194932378
0 1.0 0.01834863042339134 0.3446921296037549 0.00025879917184265007 0.00013990362194932378
0 1.0 0.03495976290057439 0.21726247537561458 0.00025879917184265007 0.00013990362194932378
0 1.0 0.03512633703255287 0.20845382906064053 0.00025879917184265007 0.00013990362194932378
0 1.0 0.03196433305073681 0.37567714329184687 0.00025879917184265007 0.00013990362194932378
0 1.0 -0.04722731296464416 4.5592953504576865 0.00025879917184265007 0.00013990362194932378
0 1.0 0.06523492916618279 -1.3771982559562812 0.00025879917184265007 0.00013990362194932378
0 1.0 0.04064622955310039 -0.29103105853843114 0.00025879917184265007 0.00013990362194932378
0 1.0 0.03961396505250914 -0.26375811089023415 0.00025879917184265007 0.00013990362194932378
0 1.0 0.03876838411348028 -0.24141743689704778 0.00025879917184265007 0.00013990362194932378
0 1.0 0.03806304239810146 -0.2227819537756208 0.00025879917184265007 0.00013990362194932378
0 1.0 0.03746571661894661 -0.20700030605405517 0.00025879917184265007 0.00013990362194932378
