0 1.0 0.027531203287316227 0.05988591221955578 0.00025879917184265007 0.00013990362194932378
0 1.0 0.026409511644177597 0.09058568477194884 0.00025879917184265007 0.00013990362194932378
0 1.0 0.06780976814963063 -1.0687323199123988 0.00025879917184265007 0.00013990362194932378
0 1.0 0.05163207719571503 -0.660392515734849 0.00025879917184265007 0.00013990362194932378
0 1.0 0.05564398899885485 -0.9383375436321245 0.00025879917184265007 0.00013990362194932378
0 1.0 0.06381532078280006 -1.4078294283634436 0.00025879917184265007 0.00013990362194932378
0 1.0 0.08248671350897115 -2.469268141801717 0.00025879917184265007 0.00013990362194932378
0 1.0 0.09147081939664513 -3.225866694400384 0.00025879917184265007 0.00013990362194932378
0 1.0 0.09484672472972644 -3.73452439085497 0.00025879917184265007 0.00013990362194932378
0 1.0 -0.018531362622851218 1.4229110969591483 0.00025879917184265007 0.00013990362194932378
0 1.0 -0.00040060107598692535 0.8871510542748122 0.00025879917184265007 0.00013990362194932378
0 1.0 0.02820359126303704 0.04518549058516993 0.00025879917184265007 0.00013990362194932378
0 1.0 0.02844544274909941 0.038141744689167055 0.00025879917184265007 0.00013990362194932378
0 1.0 0.028655017065632546 0.032038684572418784 0.00025879917184265007 0.00013990362194932378
0 1.0 0.02873839451586651 0.029610631366392692 0.00025879917184265007 0.00013990362194932378
0 1.0 0.007547380382717353 0.6522899385647493 0.00025879917184265007 0.00013990362194932378
0 1.0 0.012232049845930104 0.5138589793860388 0.00025879917184265007 0.00013990362194932378
0 1.0 0.015353189170921567 0.4216299942075109 0.00025879917184265007 0.00013990362194932378
0 1.0 0.025274560145663073 0.13048193207148373 0.00025879917184265007 0.00013990362194932378
0 1.0 0.02597496338238334 0.11008442365941815 0.00025879917184265007 0.00013990362194932378
0 1.0 0.026563450133581697 0.09294678923043348 0.00025879917184265007 0.00013990362194932378
0 1.0 0.027476582674782594 0.06635431637138421 0.00025879917184265007 0.00013990362194932378
0 1.0 0.02780437514632517 0.056810041395390413 0.00025879917184265007 0.00013990362194932378
0 1.0 0.027990460218537874 0.049307606078276445 0.00025879917184265007 0.00013990362194932378
0 1.0 0.028187782906515867 0.04374244986875972 0.00025879917184265007 0.00013990362194932378
0 1.0 0.02868974336659748 0.028182687400028435 0.00025879917184265007 0.00013990362194932378
0 1.0 0.028647218957911516 0.02934644666288552 0.00025879917184265007 0.00013990362194932378
0 1.0 0.02854973223783549 0.032014351449800416 0.00025879917184265007 0.00013990362194932378
0 1.0 0.02843371686010123 0.035189327296475566 0.00025879917184265007 0.00013990362194932378
0 1.0 0.028291324529978446 0.03908615733505211 0.00025879917184265007 0.00013990362194932378
0 1.0 0.028193844685632515 0.041753873954868535 0.00025879917184265007 0.00013990362194932378
0 1.0 0.022394019320408003 0.19398647148692083 0.00025879917184265007 0.00013990362194932378
0 1.0 0.020689930063017854 0.23922526994504137 0.00025879917184265007 0.00013990362194932378
0 1.0 0.06357494472378185 -1.2885116847583167 0.00025879917184265007 0.00013990362194932378
0 1.0 0.007979549720166476 1.9021809014753628 0.00025879917184265007 0.00013990362194932378
0 1.0 0.01665480690840022 1.3687676490338532 0.00025879917184265007 0.00013990362194932378
0 1.0 0.025550521020387764 0.8217992198210646 0.00025879917184265007 0.00013990362194932378
0 1.0 0.056073776691249445 -0.883204937998093 0.00025879917184265007 0.00013990362194932378
0 1.0 0.28960298697652054 -14.243495917182445 0.00025879917184265007 0.00013990362194932378
0 1.0 -0.049399475582029416 5.028250062762134 0.00025879917184265007 0.00013990362194932378
0 1.0 0.003651843446282805 2.011243185483125 0.00025879917184265007 0.00013990362194932378
0 1.0 0.013904836363125072 1.427679396730299 0.00025879917184265007 0.00013990362194932378
0 1.0 0.019440528613012764 1.1126075373313171 0.00025879917184265007 0.00013990362194932378
0 1.0 0.022952035387207293 0.9127450957983684 0.00025879917184265007 0.00013990362194932378
0 1.0 -0.01727183048738506 3.454614592554779 0.00025879917184265007 0.00013990362194932378
0 1.0 0.0254507683114124 0.7705261296723608 0.00025879917184265007 0.00013990362194932378
0 1.0 0.02983361819613067 0.5210877891317343 0.00025879917184265007 0.00013990362194932378
0 1.0 0.032896000916920486 0.34678251341047195 0.00025879917184265007 0.00013990362194932378
0 1.0 0.034133726070990786 0.27640123950716233 0.00025879917184265007 0.00013990362194932378
0 1.0 0.0349587538566081 0.21731583486973086 0.00025879917184265007 0.00013990362194932378
0 1.0 0.03479639189854355 0.2259017362135353 0.00025879917184265007 0.00013990362194932378
0 1.0 0.03438335941016704 0.24774340552610008 0.00025879917184265007 0.00013990362194932378
0 1.0 0.03330357391631684 0.3048430226354047 0.00025879917184265007 0.00013990362194932378
0 1.0 0.030253309780277054 0.4661802148128015 0.00025879917184265007 0.00013990362194932378
0 1.0 -0.4325715529105731 24.90372387571467 0.00025879917184265007 0.00013990362194932378
0 1.0 0.028824767300410056 0.5785097541743263 0.00025879917184265007 0.00013990362194932378
0 1.0 0.03531064515521329 0.2094165749362495 0.00025879917184265007 0.00013990362194932378
0 1.0 0.03509968298062948 0.20986332832361504 0.00025879917184265007 0.00013990362194932378
0 1.0 0.03460447775197303 0.2360503938706431 0.00025879917184265007 0.00013990362194932378
0 1.0 0.03376735655991645 0.28031823281353735 0.00025879917184265007 0.00013990362194932378
0 1.0 0.03272956877885178 0.3352006722656073 0.00025879917184265007 0.00013990362194932378
0 1.0 0.08396067851708015 -2.366835727682896 0.00025879917184265007 0.00013990362194932378
0 1.0 0.06400893945142236 -1.211645941592026 0.00025879917184265007 0.00013990362194932378
0 1.0 0.02843810070491696 0.03667715306300832 0.00025879917184265007 0.00013990362194932378
0 1.0 0.028682166085629082 0.02978830894251278 0.00025879917184265007 0.00013990362194932378
0 1.0 0.025658968508432495 0.11112623016081408 0.00025879917184265007 0.00013990362194932378
0 1.0 0.02413861274037161 0.152735230446578 0.00025879917184265007 0.00013990362194932378
0 1.0 0.028598608683463044 0.03067675692251026 0.00025879917184265007 0.00013990362194932378
0 1.0 0.028497819585065788 0.03343503741315745 0.00025879917184265007 0.00013990362194932378
0 1.0 0.028365910719876933 0.037044968002671666 0.00025879917184265007 0.00013990362194932378
0 1.0 0.028082596107273063 0.044796891125727246 0.00025879917184265007 0.00013990362194932378
0 1.0 0.02794048790796594 0.04868342908651857 0.00025879917184265007 0.00013990362194932378
0 1.0 0.027756143148356997 0.05372910868450771 0.00025879917184265007 0.00013990362194932378
0 1.0 0.027242809555208098 0.06777952779875075 0.00025879917184265007 0.00013990362194932378
0 1.0 0.02687181103114659 0.07793374009975206 0.00025879917184265007 0.00013990362194932378
0 1.0 -0.444571131500914 14.475896243660594 0.00025879917184265007 0.00013990362194932378
0 1.0 -0.041974970035728275 2.186145403145402 0.00025879917184265007 0.00013990362194932378
0 1.0 -0.008854091414401435 1.1750892013334724 0.00025879917184265007 0.00013990362194932378
0 1.0 0.0034314022800377964 0.8000591565663019 0.00025879917184265007 0.00013990362194932378
0 1.0 0.009837715019926592 0.6044984560044333 0.00025879917184265007 0.00013990362194932378
0 1.0 0.013770181509261747 0.48445500311427564 0.00025879917184265007 0.00013990362194932378
0 1.0 0.016429877618446064 0.40326445630328883 0.00025879917184265007 0.00013990362194932378
0 1.0 0.01834863042339134 0.3446921296037549 0.00025879917184265007 0.00013990362194932378
0 1.0 0.035227422706304135 0.2031082934903255 0.00025879917184265007 0.00013990362194932378
0 1.0 0.03536532770589595 0.1977893459971563 0.00025879917184265007 0.00013990362194932378
0 1.0 0.03411762267275842 0.26179589317784235 0.00025879917184265007 0.00013990362194932378
0 1.0 0.03183334205892648 0.38260579663343663 0.00025879917184265007 0.00013990362194932378
0 1.0 0.01326148867728382 1.364668223358104 0.00025879917184265007 0.00013990362194932378
0 1.0 0.09295933646322219 -2.6452905633343042 0.00025879917184265007 0.00013990362194932378
0 1.0 0.04064622955310039 -0.29103105853843114 0.00025879917184265007 0.00013990362194932378
0 1.0 0.03961396505250914 -0.26375811089023415 0.00025879917184265007 0.00013990362194932378
0 1.0 0.03876838411348028 -0.24141743689704778 0.00025879917184265007 0.00013990362194932378
0 1.0 0.03806304239810146 -0.2227819537756208 0.00025879917184265007 0.00013990362194932378
0 1.0 0.03746571661894661 -0.20700030605405517 0.00025879917184265007 0.00013990362194932378
