0 1.0 0.08223541525254716 -2.6583689758595193 0.00025879917184265007 0.00013990362194932378
0 1.0 0.14771593213291095 -6.682020064505107 0.00025879917184265007 0.00013990362194932378
0 1.0 0.10517872583773585 -4.424166945291111 0.00025879917184265007 0.00013990362194932378
0 1.0 0.027619206461938793 0.05747718726478474 0.00025879917184265007 0.00013990362194932378
0 1.0 0.027344829651535136 0.06498712793871335 0.00025879917184265007 0.00013990362194932378
0 1.0 0.02535173349934871 0.1195345676265276 0.00025879917184265007 0.00013990362194932378
0 1.0 0.021211167031737962 0.23285164749338982 0.00025879917184265007 0.00013990362194932378
0 1.0 0.016347839295735658 0.36705518357813594 0.00025879917184265007 0.00013990362194932378
0 1.0 -0.004491857461042769 0.9449914980999009 0.00025879917184265007 0.00013990362194932378
0 1.0 0.0673590216864225 -1.0562822501414042 0.00025879917184265007 0.00013990362194932378
0 1.0 0.06661113509825964 -1.5667669855952677 0.00025879917184265007 0.00013990362194932378
0 1.0 -0.018531362622851218 1.4229110969591483 0.00025879917184265007 0.00013990362194932378
0 1.0 -0.00040060107598692535 0.8871510542748122 0.00025879917184265007 0.00013990362194932378
0 1.0 0.024435785393079404 0.15490809196169888 0.00025879917184265007 0.00013990362194932378
0 1.0 0.02571300492813233 0.11771310358083906 0.00025879917184265007 0.00013990362194932378
0 1.0 0.026659239501095368 0.09015727550032727 0.00025879917184265007 0.00013990362194932378
0 1.0 0.0270802969065652 0.07789552407417526 0.00025879917184265007 0.00013990362194932378
0 1.0 0.027690058957522582 0.060138332658897245 0.00025879917184265007 0.00013990362194932378
0 1.0 0.027970813797718447 0.05196421583783309 0.00025879917184265007 0.00013990362194932378
0 1.0 0.02831341793700853 0.041986468500854315 0.00025879917184265007 0.00013990362194932378
0 1.0 0.028572380502562108 0.03444516223916383 0.00025879917184265007 0.00013990362194932378
0 1.0 0.028691792655844563 0.03096773445980171 0.00025879917184265007 0.00013990362194932378
0 1.0 0.02875417168125769 0.029151181036566234 0.00025879917184265007 0.00013990362194932378
0 1.0 0.007547380382717353 0.6522899385647493 0.00025879917184265007 0.00013990362194932378
0 1.0 0.012232049845930104 0.5138589793860388 0.00025879917184265007 0.00013990362194932378
0 1.0 0.015309552152119819 0.42291945857972735 0.00025879917184265007 0.00013990362194932378
0 1.0 0.01749119388734505 0.35845242192685384 0.00025879917184265007 0.00013990362194932378
0 1.0 0.02133812437693726 0.2451157934436181 0.00025879917184265007 0.00013990362194932378
0 1.0 0.02217733676852146 0.22067689567350743 0.00025879917184265007 0.00013990362194932378
0 1.0 0.022873018744690624 0.20041778026171989 0.00025879917184265007 0.00013990362194932378
0 1.0 0.023459572280736838 0.1833366193447913 0.00025879917184265007 0.00013990362194932378
0 1.0 0.023961336262123576 0.1687246346210119 0.00025879917184265007 0.00013990362194932378
0 1.0 0.02493687990571129 0.14031560299206278 0.00025879917184265007 0.00013990362194932378
0 1.0 0.026909761230687765 0.07689514078850987 0.00025879917184265007 0.00013990362194932378
0 1.0 0.02400650945533213 0.15117937325941436 0.00025879917184265007 0.00013990362194932378
0 1.0 0.022984442899047233 0.17831237861699134 0.00025879917184265007 0.00013990362194932378
0 1.0 0.021120986678515013 0.22778192373066405 0.00025879917184265007 0.00013990362194932378
0 1.0 0.027440757356764513 0.06739770477221645 0.00025879917184265007 0.00013990362194932378
0 1.0 0.02802365184898412 0.04837063418233069 0.00025879917184265007 0.00013990362194932378
0 1.0 0.028627702106445854 0.0313255767913181 0.00025879917184265007 0.00013990362194932378
0 1.0 0.02867053975736564 0.028708229760626078 0.00025879917184265007 0.00013990362194932378
0 1.0 0.02857351493670911 0.03136349381379403 0.00025879917184265007 0.00013990362194932378
0 1.0 0.028521410061368338 0.0327894403040938 0.00025879917184265007 0.00013990362194932378
0 1.0 0.02796703306307087 0.047956864643772606 0.00025879917184265007 0.00013990362194932378
0 1.0 0.027836603698519265 0.051526832052082985 0.00025879917184265007 0.00013990362194932378
0 1.0 -0.01184712940229518 3.1212327068840042 0.00025879917184265007 0.00013990362194932378
0 1.0 0.010158684213036326 1.7681930332049371 0.00025879917184265007 0.00013990362194932378
0 1.0 0.01784994040564307 1.2952827906563085 0.00025879917184265007 0.00013990362194932378
0 1.0 0.024126471489795617 0.9093593780122438 0.00025879917184265007 0.00013990362194932378
0 1.0 0.06621374571119473 -1.4294926516094133 0.00025879917184265007 0.00013990362194932378
0 1.0 0.0518864092115828 -0.7170335239795588 0.00025879917184265007 0.00013990362194932378
0 1.0 0.055508486881146735 -0.93035709743592 0.00025879917184265007 0.00013990362194932378
0 1.0 0.29961057775872274 -14.812411393401161 0.00025879917184265007 0.00013990362194932378
0 1.0 0.0003585996626850642 2.1986261936782623 0.00025879917184265007 0.00013990362194932378
0 1.0 0.014645918976824539 1.3854996174856529 0.00025879917184265007 0.00013990362194932378
0 1.0 0.02137112222573019 1.0027250345034153 0.00025879917184265007 0.00013990362194932378
0 1.0 -0.05825005829753345 5.5313914871056635 0.00025879917184265007 0.00013990362194932378
0 1.0 0.024621705004639376 0.817713456176961 0.00025879917184265007 0.00013990362194932378
0 1.0 0.029756365796017748 0.5254848557721635 0.00025879917184265007 0.00013990362194932378
0 1.0 0.03188095342162814 0.38008743546430956 0.00025879917184265007 0.00013990362194932378
0 1.0 0.029375561010816724 0.5126079642370149 0.00025879917184265007 0.00013990362194932378
0 1.0 -0.0017423865815352746 2.1575219125518665 0.00025879917184265007 0.00013990362194932378
0 1.0 0.030515592793742632 0.4822710307087424 0.00025879917184265007 0.00013990362194932378
0 1.0 0.031146241763099755 0.44637563404885594 0.00025879917184265007 0.00013990362194932378
0 1.0 0.03506074392930037 0.22363977007178748 0.00025879917184265007 0.00013990362194932378
0 1.0 0.03543628239886721 0.20136788283351545 0.00025879917184265007 0.00013990362194932378
0 1.0 0.03513802680355292 0.2078356594984207 0.00025879917184265007 0.00013990362194932378
0 1.0 0.034631432749084326 0.23462498025356834 0.00025879917184265007 0.00013990362194932378
0 1.0 0.03398795360472823 0.2686529540233867 0.00025879917184265007 0.00013990362194932378
0 1.0 0.033304743639397845 0.3047811677706154 0.00025879917184265007 0.00013990362194932378
0 1.0 0.028824767300410056 0.5785097541743263 0.00025879917184265007 0.00013990362194932378
0 1.0 0.03167847406832518 0.41608193558971923 0.00025879917184265007 0.00013990362194932378
0 1.0 0.0343035756882889 0.2667342030942664 0.00025879917184265007 0.00013990362194932378
0 1.0 0.035260812702309755 0.20134258916529915 0.00025879917184265007 0.00013990362194932378
0 1.0 0.03482916158398804 0.22416883467891507 0.00025879917184265007 0.00013990362194932378
0 1.0 0.03444567441311476 0.24444811102530806 0.00025879917184265007 0.00013990362194932378
0 1.0 0.0324198217506952 0.35158446898342055 0.00025879917184265007 0.00013990362194932378
0 1.0 0.03107793192772577 0.4225625513497795 0.00025879917184265007 0.00013990362194932378
0 1.0 0.06320297508626713 -1.1711299400682014 0.00025879917184265007 0.00013990362194932378
0 1.0 0.02183986011105917 0.22289589203338278 0.00025879917184265007 0.00013990362194932378
0 1.0 0.025385901412797025 0.12282629407323188 0.00025879917184265007 0.00013990362194932378
0 1.0 0.028144360190142468 0.04310810889366864 0.00025879917184265007 0.00013990362194932378
0 1.0 0.028054378592537645 0.045568122318262634 0.00025879917184265007 0.00013990362194932378
0 1.0 0.02611376200853338 0.09867959130192627 0.00025879917184265007 0.00013990362194932378
0 1.0 0.024432797939208693 0.14468416257894076 0.00025879917184265007 0.00013990362194932378
0 1.0 0.023049126463320947 0.182551577401039 0.00025879917184265007 0.00013990362194932378
0 1.0 0.013495399976204156 0.4320052930777328 0.00025879917184265007 0.00013990362194932378
0 1.0 -0.011356676152648636 1.1001623021185571 0.00025879917184265007 0.00013990362194932378
0 1.0 0.5759092462179622 -14.68869333184581 0.00025879917184265007 0.00013990362194932378
0 1.0 0.028458614549863388 0.03609814148940616 0.00025879917184265007 0.00013990362194932378
0 1.0 0.028729990328760325 0.02843845033024014 0.00025879917184265007 0.00013990362194932378
0 1.0 0.0286232415366396 0.03000263323823981 0.00025879917184265007 0.00013990362194932378
0 1.0 0.028465814579562935 0.03431091371015172 0.00025879917184265007 0.00013990362194932378
0 1.0 0.02840949692793936 0.03585215063182844 0.00025879917184265007 0.00013990362194932378
0 1.0 0.028347486835310978 0.03754917175256459 0.00025879917184265007 0.00013990362194932378
0 1.0 0.028288352051381204 0.0391675047213669 0.00025879917184265007 0.00013990362194932378
0 1.0 0.028215906614914823 0.041150108368182184 0.00025879917184265007 0.00013990362194932378
0 1.0 -0.444571131500914 14.475896243660594 0.00025879917184265007 0.00013990362194932378
0 1.0 -0.041974970035728275 2.186145403145402 0.00025879917184265007 0.00013990362194932378
0 1.0 -0.008854091414401435 1.1750892013334724 0.00025879917184265007 0.00013990362194932378
0 1.0 0.0034314022800377964 0.8000591565663019 0.00025879917184265007 0.00013990362194932378
0 1.0 0.009837715019926592 0.6044984560044333 0.00025879917184265007 0.00013990362194932378
0 1.0 0.013770181509261747 0.48445500311427564 0.00025879917184265007 0.00013990362194932378
0 1.0 0.016429877618446064 0.40326445630328883 0.00025879917184265007 0.00013990362194932378
0 1.0 0.01834863042339134 0.3446921296037549 0.00025879917184265007 0.00013990362194932378
0 1.0 0.032726430303862165 0.35643416545993345 0.00025879917184265007 0.00013990362194932378
0 1.0 0.03215271985858695 0.38908872449626397 0.00025879917184265007 0.00013990362194932378
0 1.0 0.03500269742771949 0.2149920444279639 0.00025879917184265007 0.00013990362194932378
0 1.0 0.03424033576520321 0.2553066729326341 0.00025879917184265007 0.00013990362194932378
0 1.0 0.03369216342969138 0.2842944396428965 0.00025879917184265007 0.00013990362194932378
0 1.0 0.03291305622570696 0.3254952650904797 0.00025879917184265007 0.00013990362194932378
0 1.0 0.059581089756016115 -1.0737088992532369 0.00025879917184265007 0.00013990362194932378
0 1.0 0.1138061550292252 -3.942541553177464 0.00025879917184265007 0.00013990362194932378
0 1.0 0.08010674564070114 -2.012779508356459 0.00025879917184265007 0.00013990362194932378
0 1.0 0.04064622955310039 -0.29103105853843114 0.00025879917184265007 0.00013990362194932378
0 1.0 0.03961396505250914 -0.26375811089023415 0.00025879917184265007 0.00013990362194932378
0 1.0 0.03876838411348028 -0.24141743689704778 0.00025879917184265007 0.00013990362194932378
0 1.0 0.03806304239810146 -0.2227819537756208 0.00025879917184265007 0.00013990362194932378
0 1.0 0.03746571661894661 -0.20700030605405517 0.00025879917184265007 0.00013990362194932378
