0 1.0 0.028457518004637684 0.033018974492553456 0.00025879917184265007 0.00013990362194932378
0 1.0 0.028001490252005743 0.04512710282029907 0.00025879917184265007 0.00013990362194932378
0 1.0 0.09266229508598295 -3.5887176276007904 0.00025879917184265007 0.00013990362194932378
0 1.0 0.025355091889637145 0.11944265596915853 0.00025879917184265007 0.00013990362194932378
0 1.0 0.024094979144979718 0.15392936611077068 0.00025879917184265007 0.00013990362194932378
0 1.0 0.017129198896953808 0.3453861500257475 0.00025879917184265007 0.00013990362194932378
0 1.0 16.91408441518639 -468.24895753519814 0.00025879917184265007 0.00013990362194932378
0 1.0 0.05299474172242462 -0.6878302971335418 0.00025879917184265007 0.00013990362194932378
0 1.0 0.053290616644760716 -0.7997348282714557 0.00025879917184265007 0.00013990362194932378
0 1.0 0.058516623175724626 -1.1051496916462695 0.00025879917184265007 0.00013990362194932378
0 1.0 0.1162000582908894 -4.745430585137459 0.00025879917184265007 0.00013990362194932378
0 1.0 -0.018531362622851218 1.4229110969591483 0.00025879917184265007 0.00013990362194932378
0 1.0 -0.00040060107598692535 0.8871510542748122 0.00025879917184265007 0.00013990362194932378
0 1.0 0.02661179824303508 0.09153882800628571 0.00025879917184265007 0.00013990362194932378
0 1.0 0.027341638564740915 0.07028447322601716 0.00025879917184265007 0.00013990362194932378
0 1.0 0.027878504536356534 0.054651780139527845 0.00025879917184265007 0.00013990362194932378
0 1.0 0.028095187094304034 0.0483431140431066 0.00025879917184265007 0.00013990362194932378
0 1.0 0.028406192833754347 0.03928475017233336 0.00025879917184265007 0.00013990362194932378
0 1.0 0.02856856089391265 0.03455639390913059 0.00025879917184265007 0.00013990362194932378
0 1.0 0.028722735365273103 0.030066644961138936 0.00025879917184265007 0.00013990362194932378
0 1.0 0.02875975361255095 0.028988628378331 0.00025879917184265007 0.00013990362194932378
0 1.0 0.007547380382717353 0.6522899385647493 0.00025879917184265007 0.00013990362194932378
0 1.0 0.012232049845930104 0.5138589793860388 0.00025879917184265007 0.00013990362194932378
0 1.0 0.015309552152119819 0.42291945857972735 0.00025879917184265007 0.00013990362194932378
0 1.0 0.01749119388734505 0.35845242192685384 0.00025879917184265007 0.00013990362194932378
0 1.0 0.02134177033499014 0.24500961865756715 0.00025879917184265007 0.00013990362194932378
0 1.0 0.022226040533264345 0.21925858209817495 0.00025879917184265007 0.00013990362194932378
0 1.0 0.023639905249313524 0.1780851013407413 0.00025879917184265007 0.00013990362194932378
0 1.0 0.024740552036551455 0.14603291218808648 0.00025879917184265007 0.00013990362194932378
0 1.0 0.02607861568923447 0.10706589053230448 0.00025879917184265007 0.00013990362194932378
0 1.0 0.02698312792666965 0.08072521395098092 0.00025879917184265007 0.00013990362194932378
0 1.0 0.02271845189926485 0.18537369490582148 0.00025879917184265007 0.00013990362194932378
0 1.0 0.02072937021268623 0.23817824440088706 0.00025879917184265007 0.00013990362194932378
0 1.0 0.028282802411421202 0.04106051023127901 0.00025879917184265007 0.00013990362194932378
0 1.0 0.028608930040618402 0.031855425944555926 0.00025879917184265007 0.00013990362194932378
0 1.0 0.028669893170482016 0.028725924809148037 0.00025879917184265007 0.00013990362194932378
0 1.0 0.028579826653694042 0.0311907619797081 0.00025879917184265007 0.00013990362194932378
0 1.0 0.02847621669884335 0.03402624043567254 0.00025879917184265007 0.00013990362194932378
0 1.0 0.02842311795635734 0.03547938594253857 0.00025879917184265007 0.00013990362194932378
0 1.0 0.027290258201882266 0.06648080726130716 0.00025879917184265007 0.00013990362194932378
0 1.0 0.026619299596405 0.08484432832785627 0.00025879917184265007 0.00013990362194932378
0 1.0 0.0769984760441484 -1.9992630072270174 0.00025879917184265007 0.00013990362194932378
0 1.0 0.00012653195586653066 2.3850373351517766 0.00025879917184265007 0.00013990362194932378
0 1.0 0.0150261558093466 1.4689080899439984 0.00025879917184265007 0.00013990362194932378
0 1.0 0.021369483292549223 1.0788775847151815 0.00025879917184265007 0.00013990362194932378
0 1.0 0.024372467505903474 0.8942338858000185 0.00025879917184265007 0.00013990362194932378
0 1.0 0.06362350972599197 -1.2911063256574855 0.00025879917184265007 0.00013990362194932378
0 1.0 0.06997169806152369 -1.7578095971705465 0.00025879917184265007 0.00013990362194932378
0 1.0 0.11605804309685401 -4.377744355053209 0.00025879917184265007 0.00013990362194932378
0 1.0 -0.02482304314299589 3.6307094942018407 0.00025879917184265007 0.00013990362194932378
0 1.0 0.011433939337763158 1.568314042772989 0.00025879917184265007 0.00013990362194932378
0 1.0 0.018368887048767758 1.1736015530775405 0.00025879917184265007 0.00013990362194932378
0 1.0 0.02290453834448591 0.9154484580682717 0.00025879917184265007 0.00013990362194932378
0 1.0 -0.06528052327031038 6.405049699947628 0.00025879917184265007 0.00013990362194932378
0 1.0 0.025277297259358945 0.7803994832576291 0.00025879917184265007 0.00013990362194932378
0 1.0 0.029756365796017748 0.5254848557721635 0.00025879917184265007 0.00013990362194932378
0 1.0 0.0219480012690812 0.9053631973094016 0.00025879917184265007 0.00013990362194932378
0 1.0 0.14835205239644286 -5.766408285756209 0.00025879917184265007 0.00013990362194932378
0 1.0 0.09394521047635604 -2.6938081128878064 0.00025879917184265007 0.00013990362194932378
0 1.0 0.030515610657974073 0.4822700139090571 0.00025879917184265007 0.00013990362194932378
0 1.0 0.031147248734021128 0.44631831908854847 0.00025879917184265007 0.00013990362194932378
0 1.0 0.03528739721052494 0.19993676745970987 0.00025879917184265007 0.00013990362194932378
0 1.0 0.03516591856921556 0.20636070840064763 0.00025879917184265007 0.00013990362194932378
0 1.0 0.03486554542592388 0.2222448120747688 0.00025879917184265007 0.00013990362194932378
0 1.0 0.03426836488719852 0.2538244582619453 0.00025879917184265007 0.00013990362194932378
0 1.0 0.03338956259761256 0.30029594791206254 0.00025879917184265007 0.00013990362194932378
0 1.0 0.03247119162471918 0.3488673046624665 0.00025879917184265007 0.00013990362194932378
0 1.0 0.028824767300410056 0.5785097541743263 0.00025879917184265007 0.00013990362194932378
0 1.0 0.032397871167310265 0.3751351561945777 0.00025879917184265007 0.00013990362194932378
0 1.0 0.03541345603102685 0.20356506643159764 0.00025879917184265007 0.00013990362194932378
0 1.0 0.03502547397796142 0.21378759225418842 0.00025879917184265007 0.00013990362194932378
0 1.0 0.034481153506182444 0.24257193266137286 0.00025879917184265007 0.00013990362194932378
0 1.0 0.034046615301807796 0.2655508508596333 0.00025879917184265007 0.00013990362194932378
0 1.0 0.029640365683177988 0.49860135391466565 0.00025879917184265007 0.00013990362194932378
0 1.0 -0.000611692248883161 2.0977904221877077 0.00025879917184265007 0.00013990362194932378
0 1.0 0.027025828306336163 0.0765299828661626 0.00025879917184265007 0.00013990362194932378
0 1.0 0.027715807453268456 0.05706082334242898 0.00025879917184265007 0.00013990362194932378
0 1.0 0.02787820768960837 0.050388093910144226 0.00025879917184265007 0.00013990362194932378
0 1.0 0.02766626692484386 0.05618910064894728 0.00025879917184265007 0.00013990362194932378
0 1.0 0.02215970853048104 0.20689258493062812 0.00025879917184265007 0.00013990362194932378
0 1.0 0.012847912922236476 0.46411679503079367 0.00025879917184265007 0.00013990362194932378
0 1.0 -0.03778579229242674 1.8107185993063464 0.00025879917184265007 0.00013990362194932378
0 1.0 0.26676364666586116 -6.3772026505881945 0.00025879917184265007 0.00013990362194932378
0 1.0 0.02873243221356509 0.028369527143628705 0.00025879917184265007 0.00013990362194932378
0 1.0 0.028629819589312332 0.029822612634403035 0.00025879917184265007 0.00013990362194932378
0 1.0 0.028535492623902998 0.03240404487824566 0.00025879917184265007 0.00013990362194932378
0 1.0 0.0283523364188398 0.037416453910575576 0.00025879917184265007 0.00013990362194932378
0 1.0 0.02828700712182763 0.03920431121143265 0.00025879917184265007 0.00013990362194932378
0 1.0 0.028229847685965197 0.040768585119056455 0.00025879917184265007 0.00013990362194932378
0 1.0 0.028155923380494313 0.04279166075726992 0.00025879917184265007 0.00013990362194932378
0 1.0 0.028062911298579327 0.04533490939650887 0.00025879917184265007 0.00013990362194932378
0 1.0 -0.444571131500914 14.475896243660594 0.00025879917184265007 0.00013990362194932378
0 1.0 -0.041974970035728275 2.186145403145402 0.00025879917184265007 0.00013990362194932378
0 1.0 -0.008854091414401435 1.1750892013334724 0.00025879917184265007 0.00013990362194932378
0 1.0 0.0034314022800377964 0.8000591565663019 0.00025879917184265007 0.00013990362194932378
0 1.0 0.009837715019926592 0.6044984560044333 0.00025879917184265007 0.00013990362194932378
0 1.0 0.013770181509261747 0.48445500311427564 0.00025879917184265007 0.00013990362194932378
0 1.0 0.016429877618446064 0.40326445630328883 0.00025879917184265007 0.00013990362194932378
0 1.0 0.01834863042339134 0.3446921296037549 0.00025879917184265007 0.00013990362194932378
0 1.0 0.03505296778780032 0.22408235124582038 0.00025879917184265007 0.00013990362194932378
0 1.0 0.034263151290732596 0.26903496849699565 0.00025879917184265007 0.00013990362194932378
0 1.0 0.03468159111612477 0.2319725437092622 0.00025879917184265007 0.00013990362194932378
0 1.0 0.033724041863282685 0.2826087105746203 0.00025879917184265007 0.00013990362194932378
0 1.0 0.033021647706517006 0.31975141418909775 0.00025879917184265007 0.00013990362194932378
0 1.0 0.03162052771332884 0.393862424332682 0.00025879917184265007 0.00013990362194932378
0 1.0 0.05793506749790089 -0.9843032047245217 0.00025879917184265007 0.00013990362194932378
0 1.0 0.06285095949640049 -1.153434040854705 0.00025879917184265007 0.00013990362194932378
0 1.0 0.04064622955310039 -0.29103105853843114 0.00025879917184265007 0.00013990362194932378
0 1.0 0.03961396505250914 -0.26375811089023415 0.00025879917184265007 0.00013990362194932378
0 1.0 0.03876838411348028 -0.24141743689704778 0.00025879917184265007 0.00013990362194932378
0 1.0 0.03806304239810146 -0.2227819537756208 0.00025879917184265007 0.00013990362194932378
0 1.0 0.03746571661894661 -0.20700030605405517 0.00025879917184265007 0.00013990362194932378
