0 1.0 0.027771777087350555 0.053301193905788934 0.00025879917184265007 0.00013990362194932378
0 1.0 0.026901066813522178 0.07713308461460318 0.00025879917184265007 0.00013990362194932378
0 1.0 -0.09568083037876102 3.473887170055855 0.00025879917184265007 0.00013990362194932378
0 1.0 0.07183830953894998 -1.1800046769163677 0.00025879917184265007 0.00013990362194932378
0 1.0 0.051710437562795426 -0.7008276978380904 0.00025879917184265007 0.00013990362194932378
0 1.0 0.057241210619633456 -1.0314313651521785 0.00025879917184265007 0.00013990362194932378
0 1.0 0.07084872339663031 -1.8076670800589696 0.00025879917184265007 0.00013990362194932378
0 1.0 0.08025891698537421 -2.536916980925722 0.00025879917184265007 0.00013990362194932378
0 1.0 0.17371211131772604 -8.279434985171005 0.00025879917184265007 0.00013990362194932378
0 1.0 0.10517872583773585 -4.424166945291111 0.00025879917184265007 0.00013990362194932378
0 1.0 -0.018531362622851218 1.4229110969591483 0.00025879917184265007 0.00013990362194932378
0 1.0 -0.00040060107598692535 0.8871510542748122 0.00025879917184265007 0.00013990362194932378
0 1.0 0.02797142169831175 0.05194651694273402 0.00025879917184265007 0.00013990362194932378
0 1.0 0.02827905029596345 0.042987296192141575 0.00025879917184265007 0.00013990362194932378
0 1.0 0.02854653284783983 0.03519787752058096 0.00025879917184265007 0.00013990362194932378
0 1.0 0.02868783711669491 0.03108292459198883 0.00025879917184265007 0.00013990362194932378
0 1.0 0.028754544217347605 0.029140332330532086 0.00025879917184265007 0.00013990362194932378
0 1.0 0.007547380382717353 0.6522899385647493 0.00025879917184265007 0.00013990362194932378
0 1.0 0.012232049845930104 0.5138589793860388 0.00025879917184265007 0.00013990362194932378
0 1.0 0.015309552152119819 0.42291945857972735 0.00025879917184265007 0.00013990362194932378
0 1.0 0.024100497635548935 0.16467208414297319 0.00025879917184265007 0.00013990362194932378
0 1.0 0.02510125364300061 0.1355288374461905 0.00025879917184265007 0.00013990362194932378
0 1.0 0.025908683841189824 0.11201459768853943 0.00025879917184265007 0.00013990362194932378
0 1.0 0.02709448556593768 0.07748233144999739 0.00025879917184265007 0.00013990362194932378
0 1.0 0.027483525722119824 0.06615210476632737 0.00025879917184265007 0.00013990362194932378
0 1.0 0.02775374233580786 0.055989953417163195 0.00025879917184265007 0.00013990362194932378
0 1.0 0.02797544730719455 0.04973140797700516 0.00025879917184265007 0.00013990362194932378
0 1.0 0.028729025358448387 0.028465687007725764 0.00025879917184265007 0.00013990362194932378
0 1.0 0.028669749067645 0.028729868450378084 0.00025879917184265007 0.00013990362194932378
0 1.0 0.028578041141037912 0.031239625842998223 0.00025879917184265007 0.00013990362194932378
0 1.0 0.028469043237097053 0.03422255551240071 0.00025879917184265007 0.00013990362194932378
0 1.0 0.028341624982871072 0.03770959220954994 0.00025879917184265007 0.00013990362194932378
0 1.0 0.02826325983334772 0.039854199776381806 0.00025879917184265007 0.00013990362194932378
0 1.0 0.024060783733327606 0.1548652037431918 0.00025879917184265007 0.00013990362194932378
0 1.0 0.02181207689750777 0.20943541341859698 0.00025879917184265007 0.00013990362194932378
0 1.0 0.06877764162112508 -1.5652402270743013 0.00025879917184265007 0.00013990362194932378
0 1.0 0.007979549720166476 1.9021809014753628 0.00025879917184265007 0.00013990362194932378
0 1.0 0.01665480690840022 1.3687676490338532 0.00025879917184265007 0.00013990362194932378
0 1.0 0.023482905507564794 0.9489301499552452 0.00025879917184265007 0.00013990362194932378
0 1.0 0.056073776691249445 -0.883204937998093 0.00025879917184265007 0.00013990362194932378
0 1.0 0.15512310751875885 -6.598530577510468 0.00025879917184265007 0.00013990362194932378
0 1.0 -0.1584110626267134 11.225383849166194 0.00025879917184265007 0.00013990362194932378
0 1.0 0.003651843446282805 2.011243185483125 0.00025879917184265007 0.00013990362194932378
0 1.0 0.013904836363125072 1.427679396730299 0.00025879917184265007 0.00013990362194932378
0 1.0 0.019439977565643127 1.1126389009822415 0.00025879917184265007 0.00013990362194932378
0 1.0 0.02290525446903459 0.9154076988130707 0.00025879917184265007 0.00013990362194932378
0 1.0 -0.02603501485979881 3.9931672030545573 0.00025879917184265007 0.00013990362194932378
0 1.0 0.02532624003097465 0.7776138352553567 0.00025879917184265007 0.00013990362194932378
0 1.0 0.029763117339420782 0.5251005701548211 0.00025879917184265007 0.00013990362194932378
0 1.0 0.10649012691045216 -3.311177671905838 0.00025879917184265007 0.00013990362194932378
0 1.0 0.03146048478188353 0.4284894907981334 0.00025879917184265007 0.00013990362194932378
0 1.0 0.03313851265494499 0.3329791846903075 0.00025879917184265007 0.00013990362194932378
0 1.0 0.03503417898281912 0.21332726082066486 0.00025879917184265007 0.00013990362194932378
0 1.0 0.03486205631219338 0.22242932072830132 0.00025879917184265007 0.00013990362194932378
0 1.0 0.03450262936875228 0.2414362624619264 0.00025879917184265007 0.00013990362194932378
0 1.0 0.03367058291835562 0.28543561538990136 0.00025879917184265007 0.00013990362194932378
0 1.0 0.03172003905638575 0.38859885933428906 0.00025879917184265007 0.00013990362194932378
0 1.0 0.0072544452845779185 1.6822438816996106 0.00025879917184265007 0.00013990362194932378
0 1.0 0.028824767300410056 0.5785097541743263 0.00025879917184265007 0.00013990362194932378
0 1.0 0.03508969692019999 0.2219919028481738 0.00025879917184265007 0.00013990362194932378
0 1.0 0.035161645477741095 0.20658667476783163 0.00025879917184265007 0.00013990362194932378
0 1.0 0.034691905228015574 0.23142712070378013 0.00025879917184265007 0.00013990362194932378
0 1.0 0.034023517791014604 0.26677227582470275 0.00025879917184265007 0.00013990362194932378
0 1.0 0.033210091715583014 0.30978635407896193 0.00025879917184265007 0.00013990362194932378
0 1.0 0.09969174763520583 -3.1973648445693805 0.00025879917184265007 0.00013990362194932378
0 1.0 0.06770413854712731 -1.3974043927905606 0.00025879917184265007 0.00013990362194932378
0 1.0 0.028232889727601553 0.042469315926974074 0.00025879917184265007 0.00013990362194932378
0 1.0 0.028598459333085486 0.03215096590116541 0.00025879917184265007 0.00013990362194932378
0 1.0 0.02639609095450777 0.09095297451524398 0.00025879917184265007 0.00013990362194932378
0 1.0 0.02555854058652079 0.11387471856040146 0.00025879917184265007 0.00013990362194932378
0 1.0 0.7654842604262624 -19.785485802042416 0.00025879917184265007 0.00013990362194932378
0 1.0 0.02862354335767526 0.029994373346172325 0.00025879917184265007 0.00013990362194932378
0 1.0 0.028529292262567944 0.0325737292585745 0.00025879917184265007 0.00013990362194932378
0 1.0 0.02841085421511293 0.03581500595258641 0.00025879917184265007 0.00013990362194932378
0 1.0 0.02817155030145281 0.042364001100678464 0.00025879917184265007 0.00013990362194932378
0 1.0 0.02806716357566036 0.04521868765427005 0.00025879917184265007 0.00013990362194932378
0 1.0 0.027930060076701922 0.04896884807847543 0.00025879917184265007 0.00013990362194932378
0 1.0 0.027558695222384556 0.05913343356934766 0.00025879917184265007 0.00013990362194932378
0 1.0 0.027282829563892545 0.06668413707993677 0.00025879917184265007 0.00013990362194932378
0 1.0 -0.444571131500914 14.475896243660594 0.00025879917184265007 0.00013990362194932378
0 1.0 -0.041974970035728275 2.186145403145402 0.00025879917184265007 0.00013990362194932378
0 1.0 -0.008854091414401435 1.1750892013334724 0.00025879917184265007 0.00013990362194932378
0 1.0 0.0034314022800377964 0.8000591565663019 0.00025879917184265007 0.00013990362194932378
0 1.0 0.009837715019926592 0.6044984560044333 0.00025879917184265007 0.00013990362194932378
0 1.0 0.013770181509261747 0.48445500311427564 0.00025879917184265007 0.00013990362194932378
0 1.0 0.016429877618446064 0.40326445630328883 0.00025879917184265007 0.00013990362194932378
0 1.0 0.01834863042339134 0.3446921296037549 0.00025879917184265007 0.00013990362194932378
0 1.0 0.0352738627700087 0.20065248542961625 0.00025879917184265007 0.00013990362194932378
0 1.0 0.03543705120740996 0.2022221406547096 0.00025879917184265007 0.00013990362194932378
0 1.0 0.03428813903017431 0.25277877710133195 0.00025879917184265007 0.00013990362194932378
0 1.0 0.03259808994056127 0.3421551298178432 0.00025879917184265007 0.00013990362194932378
0 1.0 0.026746463760034894 0.6516413594475226 0.00025879917184265007 0.00013990362194932378
0 1.0 5.2891946912390075 -277.17958845993275 0.00025879917184265007 0.00013990362194932378
0 1.0 0.04064622955310039 -0.29103105853843114 0.00025879917184265007 0.00013990362194932378
0 1.0 0.03961396505250914 -0.26375811089023415 0.00025879917184265007 0.00013990362194932378
0 1.0 0.03876838411348028 -0.24141743689704778 0.00025879917184265007 0.00013990362194932378
0 1.0 0.03806304239810146 -0.2227819537756208 0.00025879917184265007 0.00013990362194932378
0 1.0 0.03746571661894661 -0.20700030605405517 0.00025879917184265007 0.00013990362194932378
