0 1.0 0.057148758008984515 -1.0260876418961182 0.00025879917184265007 0.00013990362194932378
0 1.0 0.05640061697689547 -1.0708705998664516 0.00025879917184265007 0.00013990362194932378
0 1.0 0.06229902477728498 -1.4333163485870102 0.00025879917184265007 0.00013990362194932378
0 1.0 0.14615828310632867 -6.586305545131568 0.00025879917184265007 0.00013990362194932378
0 1.0 0.07539368864343608 -2.2379581112162032 0.00025879917184265007 0.00013990362194932378
0 1.0 0.09553284749959698 -3.780321855907822 0.00025879917184265007 0.00013990362194932378
0 1.0 0.02767102958535758 0.053896357380832885 0.00025879917184265007 0.00013990362194932378
0 1.0 0.027638485759487783 0.056949495788700046 0.00025879917184265007 0.00013990362194932378
0 1.0 0.02717777989798078 0.06698885644735601 0.00025879917184265007 0.00013990362194932378
0 1.0 0.0278892921302591 0.048103323310809784 0.00025879917184265007 0.00013990362194932378
0 1.0 0.05321206997710758 -0.7951087938913378 0.00025879917184265007 0.00013990362194932378
0 1.0 -0.018531362622851218 1.4229110969591483 0.00025879917184265007 0.00013990362194932378
0 1.0 -0.00040060107598692535 0.8871510542748122 0.00025879917184265007 0.00013990362194932378
0 1.0 0.024391828070252728 0.15618818330637185 0.00025879917184265007 0.00013990362194932378
0 1.0 0.02564825736171554 0.11959866387434742 0.00025879917184265007 0.00013990362194932378
0 1.0 0.025885531414801998 0.1126888360933352 0.00025879917184265007 0.00013990362194932378
0 1.0 0.02609982970550766 0.10644810195793426 0.00025879917184265007 0.00013990362194932378
0 1.0 0.026471671913871824 0.09561949300383331 0.00025879917184265007 0.00013990362194932378
0 1.0 0.026634013293545245 0.09089189620141463 0.00025879917184265007 0.00013990362194932378
0 1.0 0.026920727124971754 0.08254240825577776 0.00025879917184265007 0.00013990362194932378
0 1.0 0.027047948249583387 0.07883755997172323 0.00025879917184265007 0.00013990362194932378
0 1.0 0.027275744120177834 0.07220360480502298 0.00025879917184265007 0.00013990362194932378
0 1.0 0.02737811197925188 0.06922220944875493 0.00025879917184265007 0.00013990362194932378
0 1.0 0.007547380382717353 0.6522899385647493 0.00025879917184265007 0.00013990362194932378
0 1.0 0.02747380540406438 0.06643520252156122 0.00025879917184265007 0.00013990362194932378
0 1.0 0.027648046606224667 0.06136151323593431 0.00025879917184265007 0.00013990362194932378
0 1.0 0.027727528220309928 0.059047423127259975 0.00025879917184265007 0.00013990362194932378
0 1.0 0.027883163980333883 0.054516121429724604 0.00025879917184265007 0.00013990362194932378
0 1.0 0.027981325293590775 0.05165817589506818 0.00025879917184265007 0.00013990362194932378
0 1.0 0.02823332764363162 0.044319064435043964 0.00025879917184265007 0.00013990362194932378
0 1.0 0.028459749930983293 0.03772510207482861 0.00025879917184265007 0.00013990362194932378
0 1.0 0.028651204282808786 0.03214971746600252 0.00025879917184265007 0.00013990362194932378
0 1.0 0.028739884643605305 0.02956723702627525 0.00025879917184265007 0.00013990362194932378
0 1.0 0.012232049845930104 0.5138589793860388 0.00025879917184265007 0.00013990362194932378
0 1.0 0.015309552152119819 0.42291945857972735 0.00025879917184265007 0.00013990362194932378
0 1.0 0.01749119388734505 0.35845242192685384 0.00025879917184265007 0.00013990362194932378
0 1.0 0.02133812437693726 0.2451157934436181 0.00025879917184265007 0.00013990362194932378
0 1.0 0.02217733676852146 0.22067689567350743 0.00025879917184265007 0.00013990362194932378
0 1.0 0.022872997361839276 0.2004184029566695 0.00025879917184265007 0.00013990362194932378
0 1.0 0.023459046962174677 0.18335191726789857 0.00025879917184265007 0.00013990362194932378
0 1.0 0.02395949899775119 0.16877813802089447 0.00025879917184265007 0.00013990362194932378
0 1.0 0.024769061548930264 0.14520268009727283 0.00025879917184265007 0.00013990362194932378
0 1.0 0.028371021607358153 0.03690509909369742 0.00025879917184265007 0.00013990362194932378
0 1.0 0.028169613409509197 0.04241700773875284 0.00025879917184265007 0.00013990362194932378
0 1.0 0.027844486496518897 0.051311072878205716 0.00025879917184265007 0.00013990362194932378
0 1.0 0.028022332599518685 0.04644399213329568 0.00025879917184265007 0.00013990362194932378
0 1.0 0.02795227342453269 0.04836084904345796 0.00025879917184265007 0.00013990362194932378
0 1.0 0.028591225550337544 0.02946814318370666 0.00025879917184265007 0.00013990362194932378
0 1.0 0.028297238693464507 0.03727546423137262 0.00025879917184265007 0.00013990362194932378
0 1.0 0.026011976359990238 0.10146520259644864 0.00025879917184265007 0.00013990362194932378
0 1.0 0.026309380751069252 0.09004930065731837 0.00025879917184265007 0.00013990362194932378
0 1.0 0.023409773362059596 0.16702104571827747 0.00025879917184265007 0.00013990362194932378
0 1.0 0.02629433599412494 0.10078375074782889 0.00025879917184265007 0.00013990362194932378
0 1.0 0.02044019433623492 0.24585505424931417 0.00025879917184265007 0.00013990362194932378
0 1.0 0.026783185063717352 0.08654781593613926 0.00025879917184265007 0.00013990362194932378
0 1.0 0.027165969239009487 0.07540063185548056 0.00025879917184265007 0.00013990362194932378
0 1.0 0.027563471745396684 0.06382389212867523 0.00025879917184265007 0.00013990362194932378
0 1.0 0.02780533806754112 0.05678200615117808 0.00025879917184265007 0.00013990362194932378
0 1.0 0.028113864568219127 0.04779932340499058 0.00025879917184265007 0.00013990362194932378
0 1.0 0.028493095633109457 0.03356431711430693 0.00025879917184265007 0.00013990362194932378
0 1.0 0.028431205185291342 0.035258063933047645 0.00025879917184265007 0.00013990362194932378
0 1.0 0.6333276757382853 -33.78369287875509 0.00025879917184265007 0.00013990362194932378
0 1.0 0.008318350763102585 1.8813491310365313 0.00025879917184265007 0.00013990362194932378
0 1.0 0.01668800282927217 1.3667265401957112 0.00025879917184265007 0.00013990362194932378
0 1.0 0.024126471489795617 0.9093593780122438 0.00025879917184265007 0.00013990362194932378
0 1.0 0.06661479888408663 -1.4509193769830702 0.00025879917184265007 0.00013990362194932378
0 1.0 0.05527233995343382 -0.8396739299500757 0.00025879917184265007 0.00013990362194932378
0 1.0 0.06388318004752323 -1.4116871186653295 0.00025879917184265007 0.00013990362194932378
0 1.0 0.10941038915884535 -3.9998358965453247 0.00025879917184265007 0.00013990362194932378
0 1.0 0.003568614655025386 2.0159802714397204 0.00025879917184265007 0.00013990362194932378
0 1.0 0.020025847327876427 1.0792932836646911 0.00025879917184265007 0.00013990362194932378
0 1.0 0.07599146782174386 -2.100023847772562 0.00025879917184265007 0.00013990362194932378
0 1.0 0.02329404939499055 0.8932788782941429 0.00025879917184265007 0.00013990362194932378
0 1.0 0.028825491277592256 0.5784685467048938 0.00025879917184265007 0.00013990362194932378
0 1.0 0.03454360019667859 0.23926967435999458 0.00025879917184265007 0.00013990362194932378
0 1.0 0.03405257819020015 0.265235525939491 0.00025879917184265007 0.00013990362194932378
0 1.0 0.033777886785894565 0.2797613952896375 0.00025879917184265007 0.00013990362194932378
0 1.0 0.03140756100881797 0.4051271109226836 0.00025879917184265007 0.00013990362194932378
0 1.0 0.030414374571452626 0.45766083429534504 0.00025879917184265007 0.00013990362194932378
0 1.0 0.029179052315771954 0.5230021188865562 0.00025879917184265007 0.00013990362194932378
0 1.0 0.027905867088400964 0.5903343680904632 0.00025879917184265007 0.00013990362194932378
0 1.0 -0.16014539821572124 10.52085822453034 0.00025879917184265007 0.00013990362194932378
0 1.0 0.10688663150744367 -3.330690744749278 0.00025879917184265007 0.00013990362194932378
0 1.0 0.02975695543111895 0.5254512948105683 0.00025879917184265007 0.00013990362194932378
0 1.0 0.03051608589975907 0.48224296400774685 0.00025879917184265007 0.00013990362194932378
0 1.0 0.0328712539018832 0.34819106866715477 0.00025879917184265007 0.00013990362194932378
0 1.0 0.03317417631469523 0.3309516784616777 0.00025879917184265007 0.00013990362194932378
0 1.0 0.03368367406947909 0.3019914967144096 0.00025879917184265007 0.00013990362194932378
0 1.0 0.034283489471916916 0.2678774154732747 0.00025879917184265007 0.00013990362194932378
0 1.0 0.03536102996241883 0.1977424896829249 0.00025879917184265007 0.00013990362194932378
0 1.0 0.03507097418442199 0.2113814850080685 0.00025879917184265007 0.00013990362194932378
0 1.0 0.02677740773737781 0.6950185451061461 0.00025879917184265007 0.00013990362194932378
0 1.0 0.031146653980183837 0.4463521713993263 0.00025879917184265007 0.00013990362194932378
0 1.0 0.022476363848798128 0.8774256808578388 0.00025879917184265007 0.00013990362194932378
0 1.0 0.07084438999008791 -1.5537674582378593 0.00025879917184265007 0.00013990362194932378
0 1.0 0.061168280248587975 -1.0688453941155238 0.00025879917184265007 0.00013990362194932378
0 1.0 0.03252743943746279 0.36776036502287157 0.00025879917184265007 0.00013990362194932378
0 1.0 0.033443213893080664 0.3156594085866257 0.00025879917184265007 0.00013990362194932378
0 1.0 0.03409624431340043 0.27853452376890686 0.00025879917184265007 0.00013990362194932378
0 1.0 0.034616451477133985 0.24892679386018585 0.00025879917184265007 0.00013990362194932378
0 1.0 0.034739021415418556 0.2289355583848695 0.00025879917184265007 0.00013990362194932378
0 1.0 0.034295039244697983 0.25241388521497177 0.00025879917184265007 0.00013990362194932378
0 1.0 0.03259814996599887 0.34215195482509614 0.00025879917184265007 0.00013990362194932378
0 1.0 0.026179639400405397 0.681612567629563 0.00025879917184265007 0.00013990362194932378
0 1.0 0.02858392060769805 0.03107872334022793 0.00025879917184265007 0.00013990362194932378
0 1.0 0.028541685686102564 0.03223456025228832 0.00025879917184265007 0.00013990362194932378
0 1.0 0.028300222793270987 0.03884263986708386 0.00025879917184265007 0.00013990362194932378
0 1.0 0.028234861824504444 0.04063136392420357 0.00025879917184265007 0.00013990362194932378
0 1.0 0.02809705674712229 0.044401658001183106 0.00025879917184265007 0.00013990362194932378
0 1.0 0.027423740400707556 0.06282726675359647 0.00025879917184265007 0.00013990362194932378
0 1.0 0.02705317214848001 0.07297010776358281 0.00025879917184265007 0.00013990362194932378
0 1.0 0.026622411005706517 0.08475917706128525 0.00025879917184265007 0.00013990362194932378
0 1.0 0.028143708581548143 0.04135271750372802 0.00025879917184265007 0.00013990362194932378
0 1.0 0.02537642699496191 0.11885876168584643 0.00025879917184265007 0.00013990362194932378
0 1.0 0.024648875606662332 0.13877069047964163 0.00025879917184265007 0.00013990362194932378
0 1.0 0.02300082424911973 0.18387348076745036 0.00025879917184265007 0.00013990362194932378
0 1.0 0.02156751393973201 0.22309937867761195 0.00025879917184265007 0.00013990362194932378
0 1.0 0.019828789672109656 0.2707530910930444 0.00025879917184265007 0.00013990362194932378
0 1.0 0.017244711236337935 0.34218270726529926 0.00025879917184265007 0.00013990362194932378
0 1.0 0.006581154626348625 0.6379094963255515 0.00025879917184265007 0.00013990362194932378
0 1.0 -0.2117313293578149 6.487306952690514 0.00025879917184265007 0.00013990362194932378
0 1.0 0.025767085146740684 0.11206697780786162 0.00025879917184265007 0.00013990362194932378
0 1.0 0.028309975086168025 0.0402935504923698 0.00025879917184265007 0.00013990362194932378
0 1.0 0.02861155298126639 0.03178139238351343 0.00025879917184265007 0.00013990362194932378
0 1.0 0.02871034436032916 0.02899296573805264 0.00025879917184265007 0.00013990362194932378
0 1.0 0.028683289317433552 0.028359314418005988 0.00025879917184265007 0.00013990362194932378
0 1.0 0.02863667242717112 0.029635072024634307 0.00025879917184265007 0.00013990362194932378
0 1.0 -0.444571131500914 14.475896243660594 0.00025879917184265007 0.00013990362194932378
0 1.0 -0.041974970035728275 2.186145403145402 0.00025879917184265007 0.00013990362194932378
0 1.0 -0.008854091414401435 1.1750892013334724 0.00025879917184265007 0.00013990362194932378
0 1.0 0.0034314022800377964 0.8000591565663019 0.00025879917184265007 0.00013990362194932378
0 1.0 0.009837715019926592 0.6044984560044333 0.00025879917184265007 0.00013990362194932378
0 1.0 0.013770181509261747 0.48445500311427564 0.00025879917184265007 0.00013990362194932378
0 1.0 0.016429877618446064 0.40326445630328883 0.00025879917184265007 0.00013990362194932378
0 1.0 0.01834863042339134 0.3446921296037549 0.00025879917184265007 0.00013990362194932378
0 1.0 0.032133831924267234 0.3901637914946014 0.00025879917184265007 0.00013990362194932378
0 1.0 0.031678773974458084 0.4160648654760351 0.00025879917184265007 0.00013990362194932378
0 1.0 0.0900883586996515 -2.690349455349996 0.00025879917184265007 0.00013990362194932378
0 1.0 0.03389998636270229 0.2896961661322956 0.00025879917184265007 0.00013990362194932378
0 1.0 0.03529498192648352 0.2103080517902036 0.00025879917184265007 0.00013990362194932378
0 1.0 0.03522337656111706 0.20332225865687648 0.00025879917184265007 0.00013990362194932378
0 1.0 0.034918792239573324 0.219429054650333 0.00025879917184265007 0.00013990362194932378
0 1.0 0.01527923322603447 1.257978662647777 0.00025879917184265007 0.00013990362194932378
0 1.0 0.0333785610218512 0.30087771037553507 0.00025879917184265007 0.00013990362194932378
0 1.0 0.033025817792693354 0.31953084114723346 0.00025879917184265007 0.00013990362194932378
0 1.0 0.03209377023709947 0.3688306771232677 0.00025879917184265007 0.00013990362194932378
0 1.0 0.04064622955310039 -0.29103105853843114 0.00025879917184265007 0.00013990362194932378
0 1.0 0.03961396505250914 -0.26375811089023415 0.00025879917184265007 0.00013990362194932378
0 1.0 0.03876838411348028 -0.24141743689704778 0.00025879917184265007 0.00013990362194932378
0 1.0 0.03806304239810146 -0.2227819537756208 0.00025879917184265007 0.00013990362194932378
0 1.0 0.03746571661894661 -0.20700030605405517 0.00025879917184265007 0.00013990362194932378
