0 1.0 0.0577994439372317 -1.063697023640528 0.00025879917184265007 0.00013990362194932378
0 1.0 0.05640061697689547 -1.0708705998664516 0.00025879917184265007 0.00013990362194932378
0 1.0 0.06229902477728498 -1.4333163485870102 0.00025879917184265007 0.00013990362194932378
0 1.0 0.14615828310632867 -6.586305545131568 0.00025879917184265007 0.00013990362194932378
0 1.0 0.07539368864343608 -2.2379581112162032 0.00025879917184265007 0.00013990362194932378
0 1.0 0.09553284749959698 -3.780321855907822 0.00025879917184265007 0.00013990362194932378
0 1.0 0.0276224999868787 0.0573870405655782 0.00025879917184265007 0.00013990362194932378
0 1.0 0.027426996118536322 0.06273815486855976 0.00025879917184265007 0.00013990362194932378
0 1.0 0.026822974512836287 0.07640956274584383 0.00025879917184265007 0.00013990362194932378
0 1.0 0.027593836221913942 0.05594519166254838 0.00025879917184265007 0.00013990362194932378
0 1.0 0.0542174564755177 -0.8543213950864581 0.00025879917184265007 0.00013990362194932378
0 1.0 -0.018531362622851218 1.4229110969591483 0.00025879917184265007 0.00013990362194932378
0 1.0 -0.00040060107598692535 0.8871510542748122 0.00025879917184265007 0.00013990362194932378
0 1.0 0.024391828070252728 0.15618818330637185 0.00025879917184265007 0.00013990362194932378
0 1.0 0.02564825736171554 0.11959866387434742 0.00025879917184265007 0.00013990362194932378
0 1.0 0.025885531414801998 0.1126888360933352 0.00025879917184265007 0.00013990362194932378
0 1.0 0.02609982970550766 0.10644810195793426 0.00025879917184265007 0.00013990362194932378
0 1.0 0.026471671913871824 0.09561949300383331 0.00025879917184265007 0.00013990362194932378
0 1.0 0.026634013293545245 0.09089189620141463 0.00025879917184265007 0.00013990362194932378
0 1.0 0.026920727124971754 0.08254240825577776 0.00025879917184265007 0.00013990362194932378
0 1.0 0.027047948249583387 0.07883755997172323 0.00025879917184265007 0.00013990362194932378
0 1.0 0.027275745573055565 0.07220356249093174 0.00025879917184265007 0.00013990362194932378
0 1.0 0.027378118813624553 0.06922201040222684 0.00025879917184265007 0.00013990362194932378
0 1.0 0.007547380382717353 0.6522899385647493 0.00025879917184265007 0.00013990362194932378
0 1.0 0.027473859555990163 0.06643362538297935 0.00025879917184265007 0.00013990362194932378
0 1.0 0.02764884470154637 0.06133827686220201 0.00025879917184265007 0.00013990362194932378
0 1.0 0.027730457812693076 0.05896212867477166 0.00025879917184265007 0.00013990362194932378
0 1.0 0.027925753451193056 0.05327613814071918 0.00025879917184265007 0.00013990362194932378
0 1.0 0.02808047180461012 0.04877154653933699 0.00025879917184265007 0.00013990362194932378
0 1.0 0.028387410995642588 0.039831700242338744 0.00025879917184265007 0.00013990362194932378
0 1.0 0.028595822473191736 0.0337625034173467 0.00025879917184265007 0.00013990362194932378
0 1.0 0.028720839565141563 0.030121852976908708 0.00025879917184265007 0.00013990362194932378
0 1.0 0.02875975361255095 0.028988628378331 0.00025879917184265007 0.00013990362194932378
0 1.0 0.012232049845930104 0.5138589793860388 0.00025879917184265007 0.00013990362194932378
0 1.0 0.015309552152119819 0.42291945857972735 0.00025879917184265007 0.00013990362194932378
0 1.0 0.01749119388734505 0.35845242192685384 0.00025879917184265007 0.00013990362194932378
0 1.0 0.02133812437693726 0.2451157934436181 0.00025879917184265007 0.00013990362194932378
0 1.0 0.02217733676852146 0.22067689567350743 0.00025879917184265007 0.00013990362194932378
0 1.0 0.022872997361839276 0.2004184029566695 0.00025879917184265007 0.00013990362194932378
0 1.0 0.023459046962174677 0.18335191726789857 0.00025879917184265007 0.00013990362194932378
0 1.0 0.02395949899775119 0.16877813802089447 0.00025879917184265007 0.00013990362194932378
0 1.0 0.024769061548930264 0.14520268009727283 0.00025879917184265007 0.00013990362194932378
0 1.0 0.028336013805697138 0.03786315247325457 0.00025879917184265007 0.00013990362194932378
0 1.0 0.028141680243551837 0.043181450599413175 0.00025879917184265007 0.00013990362194932378
0 1.0 0.02776427972506663 0.05350640336221717 0.00025879917184265007 0.00013990362194932378
0 1.0 0.027981517884695332 0.047560402226798554 0.00025879917184265007 0.00013990362194932378
0 1.0 0.027885765930342293 0.05018121815653599 0.00025879917184265007 0.00013990362194932378
0 1.0 0.028573541332789085 0.029937777661064445 0.00025879917184265007 0.00013990362194932378
0 1.0 0.028088234327154675 0.04282593068929804 0.00025879917184265007 0.00013990362194932378
0 1.0 0.02535995173450611 0.11930965284620346 0.00025879917184265007 0.00013990362194932378
0 1.0 0.025465932910460353 0.11244028463298134 0.00025879917184265007 0.00013990362194932378
0 1.0 0.02260418306286119 0.1884072125679341 0.00025879917184265007 0.00013990362194932378
0 1.0 0.02629433599412494 0.10078375074782889 0.00025879917184265007 0.00013990362194932378
0 1.0 0.026783185063717352 0.08654781593613926 0.00025879917184265007 0.00013990362194932378
0 1.0 0.027165969239009487 0.07540063185548056 0.00025879917184265007 0.00013990362194932378
0 1.0 0.027563977777833447 0.06380915910305589 0.00025879917184265007 0.00013990362194932378
0 1.0 0.02781740341113108 0.05643072626613045 0.00025879917184265007 0.00013990362194932378
0 1.0 0.028248355078041795 0.04388121147910446 0.00025879917184265007 0.00013990362194932378
0 1.0 0.0284564961919181 0.03456592865972214 0.00025879917184265007 0.00013990362194932378
0 1.0 0.02840058442997732 0.036096057657911074 0.00025879917184265007 0.00013990362194932378
0 1.0 0.6388879415190599 -34.09978506551773 0.00025879917184265007 0.00013990362194932378
0 1.0 0.008318350763102585 1.8813491310365313 0.00025879917184265007 0.00013990362194932378
0 1.0 0.01668800282927217 1.3667265401957112 0.00025879917184265007 0.00013990362194932378
0 1.0 0.024126471489795617 0.9093593780122438 0.00025879917184265007 0.00013990362194932378
0 1.0 0.06564858417475214 -1.3992982488428685 0.00025879917184265007 0.00013990362194932378
0 1.0 0.05200644008366998 -0.7084415693490482 0.00025879917184265007 0.00013990362194932378
0 1.0 0.06388318004752323 -1.4116871186653295 0.00025879917184265007 0.00013990362194932378
0 1.0 0.10942816819035123 -4.000846605955429 0.00025879917184265007 0.00013990362194932378
0 1.0 0.003568614655025386 2.0159802714397204 0.00025879917184265007 0.00013990362194932378
0 1.0 0.020025847327876427 1.0792932836646911 0.00025879917184265007 0.00013990362194932378
0 1.0 0.07599146782174386 -2.100023847772562 0.00025879917184265007 0.00013990362194932378
0 1.0 0.02329404939499055 0.8932788782941429 0.00025879917184265007 0.00013990362194932378
0 1.0 0.028825491277592256 0.5784685467048938 0.00025879917184265007 0.00013990362194932378
0 1.0 0.03441420299436363 0.2461123586099506 0.00025879917184265007 0.00013990362194932378
0 1.0 0.03389039949845975 0.2738117318728867 0.00025879917184265007 0.00013990362194932378
0 1.0 0.03355201948951975 0.29170524020852495 0.00025879917184265007 0.00013990362194932378
0 1.0 0.030794152681258933 0.437572805086565 0.00025879917184265007 0.00013990362194932378
0 1.0 0.0298939987937563 0.48518565353054166 0.00025879917184265007 0.00013990362194932378
0 1.0 0.028912003725892487 0.5371274192531221 0.00025879917184265007 0.00013990362194932378
0 1.0 0.02724584452090997 0.6252362755939033 0.00025879917184265007 0.00013990362194932378
0 1.0 0.1755434169528379 -6.709478445464053 0.00025879917184265007 0.00013990362194932378
0 1.0 0.02975695543111895 0.5254512948105683 0.00025879917184265007 0.00013990362194932378
0 1.0 0.03051608589975907 0.48224296400774685 0.00025879917184265007 0.00013990362194932378
0 1.0 0.0328712539018832 0.34819106866715477 0.00025879917184265007 0.00013990362194932378
0 1.0 0.033174201652688896 0.3309502382337368 0.00025879917184265007 0.00013990362194932378
0 1.0 0.033683854174214455 0.3019812594448213 0.00025879917184265007 0.00013990362194932378
0 1.0 0.0344045533218426 0.2609870340633298 0.00025879917184265007 0.00013990362194932378
0 1.0 0.0352732751572678 0.20068355911880842 0.00025879917184265007 0.00013990362194932378
0 1.0 0.03499881624741517 0.21519728604729244 0.00025879917184265007 0.00013990362194932378
0 1.0 0.02677740773737781 0.6950185451061461 0.00025879917184265007 0.00013990362194932378
0 1.0 0.031146653980183837 0.4463521713993263 0.00025879917184265007 0.00013990362194932378
0 1.0 0.017238551953504808 1.154378405392842 0.00025879917184265007 0.00013990362194932378
0 1.0 0.06399843028265767 -1.2111176434239042 0.00025879917184265007 0.00013990362194932378
0 1.0 0.03252743943746279 0.36776036502287157 0.00025879917184265007 0.00013990362194932378
0 1.0 0.03344327675211355 0.3156558356385629 0.00025879917184265007 0.00013990362194932378
0 1.0 0.03409903041629144 0.27837595197742443 0.00025879917184265007 0.00013990362194932378
0 1.0 0.03501436584636282 0.22627939107093817 0.00025879917184265007 0.00013990362194932378
0 1.0 0.034626532144388274 0.23488413029676075 0.00025879917184265007 0.00013990362194932378
0 1.0 0.03418610355143109 0.2581745395354658 0.00025879917184265007 0.00013990362194932378
0 1.0 0.032348005718556186 0.35538311486114854 0.00025879917184265007 0.00013990362194932378
0 1.0 0.023775743239224753 0.8087201470247806 0.00025879917184265007 0.00013990362194932378
0 1.0 0.028565181384621465 0.03159155691294535 0.00025879917184265007 0.00013990362194932378
0 1.0 0.02851139736111377 0.03306345640514115 0.00025879917184265007 0.00013990362194932378
0 1.0 0.028273174737182702 0.039582860055622664 0.00025879917184265007 0.00013990362194932378
0 1.0 0.028212735501438015 0.04123689176614661 0.00025879917184265007 0.00013990362194932378
0 1.0 0.028069413960179153 0.045157180935752675 0.00025879917184265007 0.00013990362194932378
0 1.0 0.027193234907797913 0.06913643926495695 0.00025879917184265007 0.00013990362194932378
0 1.0 0.026605263361953835 0.08522846394794947 0.00025879917184265007 0.00013990362194932378
0 1.0 0.02620732312444302 0.09611906430292132 0.00025879917184265007 0.00013990362194932378
0 1.0 0.02789615130286584 0.04792126999231222 0.00025879917184265007 0.00013990362194932378
0 1.0 0.024702248055343757 0.1373100282563393 0.00025879917184265007 0.00013990362194932378
0 1.0 0.023819360838281012 0.16147230743333305 0.00025879917184265007 0.00013990362194932378
0 1.0 0.021931753240967276 0.21313111601212725 0.00025879917184265007 0.00013990362194932378
0 1.0 0.020594318243557216 0.2497331611703002 0.00025879917184265007 0.00013990362194932378
0 1.0 0.01826511791461663 0.3138843072530256 0.00025879917184265007 0.00013990362194932378
0 1.0 0.01330272692580895 0.45150367824289966 0.00025879917184265007 0.00013990362194932378
0 1.0 -0.04704686452434466 2.0597058585963453 0.00025879917184265007 0.00013990362194932378
0 1.0 0.26676364666586116 -6.3772026505881945 0.00025879917184265007 0.00013990362194932378
0 1.0 0.02651045972288471 0.09108125165766355 0.00025879917184265007 0.00013990362194932378
0 1.0 0.028474785570031382 0.03564170790230045 0.00025879917184265007 0.00013990362194932378
0 1.0 0.028684905949551292 0.029710975174747703 0.00025879917184265007 0.00013990362194932378
0 1.0 0.02871398619386148 0.02806540746279253 0.00025879917184265007 0.00013990362194932378
0 1.0 0.028654084340796904 0.029158562735211366 0.00025879917184265007 0.00013990362194932378
0 1.0 0.028612679877080882 0.030291672628143217 0.00025879917184265007 0.00013990362194932378
0 1.0 -0.444571131500914 14.475896243660594 0.00025879917184265007 0.00013990362194932378
0 1.0 -0.041974970035728275 2.186145403145402 0.00025879917184265007 0.00013990362194932378
0 1.0 -0.008854091414401435 1.1750892013334724 0.00025879917184265007 0.00013990362194932378
0 1.0 0.0034314022800377964 0.8000591565663019 0.00025879917184265007 0.00013990362194932378
0 1.0 0.009837715019926592 0.6044984560044333 0.00025879917184265007 0.00013990362194932378
0 1.0 0.013770181509261747 0.48445500311427564 0.00025879917184265007 0.00013990362194932378
0 1.0 0.016429877618446064 0.40326445630328883 0.00025879917184265007 0.00013990362194932378
0 1.0 0.01834863042339134 0.3446921296037549 0.00025879917184265007 0.00013990362194932378
0 1.0 0.032133831924267234 0.3901637914946014 0.00025879917184265007 0.00013990362194932378
0 1.0 0.031678773974458084 0.4160648654760351 0.00025879917184265007 0.00013990362194932378
0 1.0 0.07975992432777024 -2.1450549548119127 0.00025879917184265007 0.00013990362194932378
0 1.0 0.033900842632992575 0.289647495175459 0.00025879917184265007 0.00013990362194932378
0 1.0 0.03542457942868219 0.20293197527790616 0.00025879917184265007 0.00013990362194932378
0 1.0 0.03513807051797048 0.20783334782590115 0.00025879917184265007 0.00013990362194932378
0 1.0 0.03482122739532965 0.2245884043975617 0.00025879917184265007 0.00013990362194932378
0 1.0 -0.003977720552505927 2.2756084950100437 0.00025879917184265007 0.00013990362194932378
0 1.0 0.033234621242517644 0.30848923461836425 0.00025879917184265007 0.00013990362194932378
0 1.0 0.03286651265205642 0.3279571464965725 0.00025879917184265007 0.00013990362194932378
0 1.0 0.03166465951212199 0.39152811163718254 0.00025879917184265007 0.00013990362194932378
0 1.0 0.04064622955310039 -0.29103105853843114 0.00025879917184265007 0.00013990362194932378
0 1.0 0.03961396505250914 -0.26375811089023415 0.00025879917184265007 0.00013990362194932378
0 1.0 0.03876838411348028 -0.24141743689704778 0.00025879917184265007 0.00013990362194932378
0 1.0 0.03806304239810146 -0.2227819537756208 0.00025879917184265007 0.00013990362194932378
0 1.0 0.03746571661894661 -0.20700030605405517 0.00025879917184265007 0.00013990362194932378
