0 1.0 0.06087723425616443 -1.2408039242385493 0.00025879917184265007 0.00013990362194932378
0 1.0 0.06735364483607034 -1.7439129729139073 0.00025879917184265007 0.00013990362194932378
0 1.0 0.08586629961887791 -2.8814797961364267 0.00025879917184265007 0.00013990362194932378
0 1.0 0.1674583775311774 -7.895155141987645 0.00025879917184265007 0.00013990362194932378
0 1.0 0.09162740129952267 -3.5196403223427275 0.00025879917184265007 0.00013990362194932378
0 1.0 0.0278793990531335 0.054625736475852435 0.00025879917184265007 0.00013990362194932378
0 1.0 0.02838814411655912 0.03981035086565708 0.00025879917184265007 0.00013990362194932378
0 1.0 0.028564977964782138 0.03466073318237409 0.00025879917184265007 0.00013990362194932378
0 1.0 0.028726080784265584 0.029969222273261018 0.00025879917184265007 0.00013990362194932378
0 1.0 0.027003574926825966 0.074327637111144 0.00025879917184265007 0.00013990362194932378
0 1.0 0.02580096046170981 0.10355100732060096 0.00025879917184265007 0.00013990362194932378
0 1.0 0.023660731250525487 0.1603588164432858 0.00025879917184265007 0.00013990362194932378
0 1.0 0.02106570069763549 0.22924961172630318 0.00025879917184265007 0.00013990362194932378
0 1.0 0.06984708049273752 -1.7507252883659379 0.00025879917184265007 0.00013990362194932378
0 1.0 0.09040050266510526 -2.9191543556209227 0.00025879917184265007 0.00013990362194932378
0 1.0 0.1894930873221994 -8.552408773877156 0.00025879917184265007 0.00013990362194932378
0 1.0 0.005613084704509767 1.8996163279799576 0.00025879917184265007 0.00013990362194932378
0 1.0 0.017748978030942292 1.2088845634198195 0.00025879917184265007 0.00013990362194932378
0 1.0 0.032951759718844516 0.3234480778499495 0.00025879917184265007 0.00013990362194932378
0 1.0 0.028120795531601583 0.5789687378220661 0.00025879917184265007 0.00013990362194932378
0 1.0 0.008123355225631195 1.6363417450455837 0.00025879917184265007 0.00013990362194932378
0 1.0 -0.26113014510261795 14.780418745742999 0.00025879917184265007 0.00013990362194932378
0 1.0 0.031616073106273665 0.3940980468562743 0.00025879917184265007 0.00013990362194932378
0 1.0 0.08764971489874436 -2.383989602021819 0.00025879917184265007 0.00013990362194932378
0 1.0 0.060951829176366865 -1.1481622727055893 0.00025879917184265007 0.00013990362194932378
0 1.0 0.02581526781421657 0.10684866650487392 0.00025879917184265007 0.00013990362194932378
0 1.0 0.023556061797799944 0.1686781031456137 0.00025879917184265007 0.00013990362194932378
0 1.0 0.017796282578030807 0.3268862702713141 0.00025879917184265007 0.00013990362194932378
0 1.0 -0.01239897909187406 1.1281849916828641 0.00025879917184265007 0.00013990362194932378
0 1.0 0.26676364666586116 -6.3772026505881945 0.00025879917184265007 0.00013990362194932378
0 1.0 -0.44451653799503527 14.474229708683417 0.00025879917184265007 0.00013990362194932378
0 1.0 -0.019120190155325432 1.488474692071669 0.00025879917184265007 0.00013990362194932378
0 1.0 0.014067438958309468 0.47538084808262177 0.00025879917184265007 0.00013990362194932378
0 1.0 0.019604788574194155 0.3063463325810866 0.00025879917184265007 0.00013990362194932378
0 1.0 0.09120669499449434 -2.749392540620522 0.00025879917184265007 0.00013990362194932378
0 1.0 0.06543293707245616 -1.2832306074632438 0.00025879917184265007 0.00013990362194932378
0 1.0 0.04064499513988871 -0.29099844472009445 0.00025879917184265007 0.00013990362194932378
0 1.0 0.03844816923948009 -0.23295719876062151 0.00025879917184265007 0.00013990362194932378
0 1.0 0.03726632212816221 -0.2017322032515392 0.00025879917184265007 0.00013990362194932378
