0 1.0 0.02539457578283503 0.11836206980985939 0.00025879917184265007 0.00013990362194932378
0 1.0 0.014311740592439311 0.4235212346113828 0.00025879917184265007 0.00013990362194932378
0 1.0 0.05436021446926126 -0.8627291787242155 0.00025879917184265007 0.00013990362194932378
0 1.0 0.061094827415539725 -1.2531737461649393 0.00025879917184265007 0.00013990362194932378
0 1.0 0.08036585551895926 -2.3487007685308385 0.00025879917184265007 0.00013990362194932378
0 1.0 0.10207013958690583 -3.877174415449123 0.00025879917184265007 0.00013990362194932378
0 1.0 0.08900612467119776 -3.34467480589108 0.00025879917184265007 0.00013990362194932378
0 1.0 -0.018531362622851218 1.4229110969591483 0.00025879917184265007 0.00013990362194932378
0 1.0 -0.00040060107598692535 0.8871510542748122 0.00025879917184265007 0.00013990362194932378
0 1.0 0.028716626997587594 0.0302445280902195 0.00025879917184265007 0.00013990362194932378
0 1.0 0.02875975361255095 0.028988628378331 0.00025879917184265007 0.00013990362194932378
0 1.0 0.007547380382717353 0.6522899385647493 0.00025879917184265007 0.00013990362194932378
0 1.0 0.017011647435369114 0.3726229148162814 0.00025879917184265007 0.00013990362194932378
0 1.0 0.025881310949755848 0.11281174328122716 0.00025879917184265007 0.00013990362194932378
0 1.0 0.027475725494883346 0.06637928116203437 0.00025879917184265007 0.00013990362194932378
0 1.0 0.02772866610955935 0.05901429372636445 0.00025879917184265007 0.00013990362194932378
0 1.0 0.02802425744465761 0.05040821554547987 0.00025879917184265007 0.00013990362194932378
0 1.0 0.028400391275807763 0.039453698627012895 0.00025879917184265007 0.00013990362194932378
0 1.0 0.028596490268792754 0.03374305639365532 0.00025879917184265007 0.00013990362194932378
0 1.0 0.02861873249890232 0.031578747593375825 0.00025879917184265007 0.00013990362194932378
0 1.0 0.02871122646893933 0.028968067865625686 0.00025879917184265007 0.00013990362194932378
0 1.0 0.028580291840392756 0.031178031283472584 0.00025879917184265007 0.00013990362194932378
0 1.0 0.028530759085050594 0.0325335869425751 0.00025879917184265007 0.00013990362194932378
0 1.0 0.02838533905899321 0.03651327549224902 0.00025879917184265007 0.00013990362194932378
0 1.0 0.028106499634905233 0.04414356831206249 0.00025879917184265007 0.00013990362194932378
0 1.0 0.02769709680521112 0.05534525947490179 0.00025879917184265007 0.00013990362194932378
0 1.0 0.0272213107182618 0.06583308137983333 0.00025879917184265007 0.00013990362194932378
0 1.0 0.08135576316395822 -2.229308009029643 0.00025879917184265007 0.00013990362194932378
0 1.0 0.058373519311279806 -1.008118246531675 0.00025879917184265007 0.00013990362194932378
0 1.0 0.02514139821269809 0.8469548460765883 0.00025879917184265007 0.00013990362194932378
0 1.0 0.0520535907534681 -0.7096744944806316 0.00025879917184265007 0.00013990362194932378
0 1.0 1.3943344225378376 -77.04570520355325 0.00025879917184265007 0.00013990362194932378
0 1.0 -0.022409750172133213 3.493465209168022 0.00025879917184265007 0.00013990362194932378
0 1.0 0.007975115622506497 1.765177952489297 0.00025879917184265007 0.00013990362194932378
0 1.0 0.01643867141860325 1.2834625424866308 0.00025879917184265007 0.00013990362194932378
0 1.0 0.021227090081101622 1.0109228304741493 0.00025879917184265007 0.00013990362194932378
0 1.0 0.024466508986552095 0.826546660008168 0.00025879917184265007 0.00013990362194932378
0 1.0 0.01658424832943859 1.373106065783345 0.00025879917184265007 0.00013990362194932378
0 1.0 0.02817076270625915 0.6157270877840605 0.00025879917184265007 0.00013990362194932378
0 1.0 0.0344931670765466 0.2559435585051625 0.00025879917184265007 0.00013990362194932378
0 1.0 0.03528817223434905 0.21069562724001442 0.00025879917184265007 0.00013990362194932378
0 1.0 0.03537067223835685 0.19784761496870842 0.00025879917184265007 0.00013990362194932378
0 1.0 0.03443370107919686 0.24508127574567143 0.00025879917184265007 0.00013990362194932378
0 1.0 0.03404336201542545 0.26572288867104416 0.00025879917184265007 0.00013990362194932378
0 1.0 0.03254229371528331 0.3451064220966292 0.00025879917184265007 0.00013990362194932378
0 1.0 0.024717354100182488 0.7589318578293762 0.00025879917184265007 0.00013990362194932378
0 1.0 0.16683098276765862 -6.742012016625909 0.00025879917184265007 0.00013990362194932378
0 1.0 0.03242143971364282 0.37379367724129337 0.00025879917184265007 0.00013990362194932378
0 1.0 0.03522122641758603 0.20343596090863758 0.00025879917184265007 0.00013990362194932378
0 1.0 0.03467871911845564 0.23212441850149007 0.00025879917184265007 0.00013990362194932378
0 1.0 0.03345715266547799 0.29672179042402064 0.00025879917184265007 0.00013990362194932378
0 1.0 0.02888412296096475 0.5386021478005828 0.00025879917184265007 0.00013990362194932378
0 1.0 0.01219854810252489 1.420871900405541 0.00025879917184265007 0.00013990362194932378
0 1.0 0.061168280248587975 -1.0688453941155238 0.00025879917184265007 0.00013990362194932378
0 1.0 0.028680818143197034 0.028426942681319727 0.00025879917184265007 0.00013990362194932378
0 1.0 0.02862722510532936 0.02989361549748362 0.00025879917184265007 0.00013990362194932378
0 1.0 0.006489101266660957 0.6203721549022094 0.00025879917184265007 0.00013990362194932378
0 1.0 -0.10760977200156605 3.687961417970577 0.00025879917184265007 0.00013990362194932378
0 1.0 0.028466214080283433 0.03429998063245891 0.00025879917184265007 0.00013990362194932378
0 1.0 0.028255983330521425 0.04005333476325094 0.00025879917184265007 0.00013990362194932378
0 1.0 0.02792217707999255 0.049184612691214345 0.00025879917184265007 0.00013990362194932378
0 1.0 0.02716983471220166 0.06977692780849207 0.00025879917184265007 0.00013990362194932378
0 1.0 0.026800165825727418 0.07989448502077533 0.00025879917184265007 0.00013990362194932378
0 1.0 0.02633510663502393 0.09262195841989447 0.00025879917184265007 0.00013990362194932378
0 1.0 0.024444314018562188 0.14436899806077133 0.00025879917184265007 0.00013990362194932378
0 1.0 0.022098357904668877 0.20857158868094702 0.00025879917184265007 0.00013990362194932378
0 1.0 -0.444571131500914 14.475896243660594 0.00025879917184265007 0.00013990362194932378
0 1.0 -0.041974970035728275 2.186145403145402 0.00025879917184265007 0.00013990362194932378
0 1.0 -0.008854091414401435 1.1750892013334724 0.00025879917184265007 0.00013990362194932378
0 1.0 0.0034314022800377964 0.8000591565663019 0.00025879917184265007 0.00013990362194932378
0 1.0 0.009837715019926592 0.6044984560044333 0.00025879917184265007 0.00013990362194932378
0 1.0 0.013770181509261747 0.48445500311427564 0.00025879917184265007 0.00013990362194932378
0 1.0 0.016429877618446064 0.40326445630328883 0.00025879917184265007 0.00013990362194932378
0 1.0 0.01834863042339134 0.3446921296037549 0.00025879917184265007 0.00013990362194932378
0 1.0 0.03491189864164522 0.21979359664292974 0.00025879917184265007 0.00013990362194932378
0 1.0 0.03507647746391219 0.21109046477566085 0.00025879917184265007 0.00013990362194932378
0 1.0 0.03102959153278785 0.4251194740380607 0.00025879917184265007 0.00013990362194932378
0 1.0 -0.38520817860553824 20.886637247073583 0.00025879917184265007 0.00013990362194932378
0 1.0 0.06927521146335779 -1.4757967061126254 0.00025879917184265007 0.00013990362194932378
0 1.0 0.04064622955310039 -0.29103105853843114 0.00025879917184265007 0.00013990362194932378
0 1.0 0.03961396505250914 -0.26375811089023415 0.00025879917184265007 0.00013990362194932378
0 1.0 0.03876838411348028 -0.24141743689704778 0.00025879917184265007 0.00013990362194932378
0 1.0 0.03806304239810146 -0.2227819537756208 0.00025879917184265007 0.00013990362194932378
0 1.0 0.03746571661894661 -0.20700030605405517 0.00025879917184265007 0.00013990362194932378
