0 1.0 0.06087723425616443 -1.2408039242385493 0.00025879917184265007 0.00013990362194932378
0 1.0 0.06735364483607034 -1.7439129729139073 0.00025879917184265007 0.00013990362194932378
0 1.0 0.08586629961887791 -2.8814797961364267 0.00025879917184265007 0.00013990362194932378
0 1.0 0.1674583775311774 -7.895155141987645 0.00025879917184265007 0.00013990362194932378
0 1.0 0.09135703862492865 -3.501594098423255 0.00025879917184265007 0.00013990362194932378
0 1.0 0.026812109715883044 0.08570549161091376 0.00025879917184265007 0.00013990362194932378
0 1.0 0.02770036124906848 0.05983838365512537 0.00025879917184265007 0.00013990362194932378
0 1.0 0.028037568751612323 0.05002065970490034 0.00025879917184265007 0.00013990362194932378
0 1.0 0.02848779744199923 0.036908324290761 0.00025879917184265007 0.00013990362194932378
0 1.0 0.02873790458835533 0.029624898654021358 0.00025879917184265007 0.00013990362194932378
0 1.0 0.027831598183264444 0.051663837444870936 0.00025879917184265007 0.00013990362194932378
0 1.0 0.02750907400024089 0.06049161043712882 0.00025879917184265007 0.00013990362194932378
0 1.0 0.026387474893785876 0.09118877392709344 0.00025879917184265007 0.00013990362194932378
0 1.0 0.024635168793557233 0.13449022802981744 0.00025879917184265007 0.00013990362194932378
0 1.0 0.022810768437591826 0.18292294929281222 0.00025879917184265007 0.00013990362194932378
0 1.0 0.020622774196108386 0.24100807017996023 0.00025879917184265007 0.00013990362194932378
0 1.0 0.06984708049273752 -1.7507252883659379 0.00025879917184265007 0.00013990362194932378
0 1.0 0.09039994226117591 -2.9191224975568586 0.00025879917184265007 0.00013990362194932378
0 1.0 0.18585710625173193 -8.345709084886444 0.00025879917184265007 0.00013990362194932378
0 1.0 0.0036521721788413944 2.011224475198334 0.00025879917184265007 0.00013990362194932378
0 1.0 0.013906654997225145 1.4275758865636101 0.00025879917184265007 0.00013990362194932378
0 1.0 0.025467185551657244 0.7695917189109542 0.00025879917184265007 0.00013990362194932378
0 1.0 0.03486072284667682 0.22249983603562504 0.00025879917184265007 0.00013990362194932378
0 1.0 0.03340380698461124 0.2995427058446725 0.00025879917184265007 0.00013990362194932378
0 1.0 0.03112374089249578 0.4201395264345356 0.00025879917184265007 0.00013990362194932378
0 1.0 0.027467271147669628 0.6135277585293429 0.00025879917184265007 0.00013990362194932378
0 1.0 0.10851388412986177 -3.4107722852833247 0.00025879917184265007 0.00013990362194932378
0 1.0 0.03440345337414958 0.2466808118347169 0.00025879917184265007 0.00013990362194932378
0 1.0 0.016782188543270106 1.1785089187387252 0.00025879917184265007 0.00013990362194932378
0 1.0 0.16103727921244046 -6.43613074046566 0.00025879917184265007 0.00013990362194932378
0 1.0 0.06694164617757516 -1.359073737810893 0.00025879917184265007 0.00013990362194932378
0 1.0 0.027250845305152475 0.06755958067237237 0.00025879917184265007 0.00013990362194932378
0 1.0 0.026688478540998817 0.08295107861965219 0.00025879917184265007 0.00013990362194932378
0 1.0 0.02484643084945224 0.1333641279686917 0.00025879917184265007 0.00013990362194932378
0 1.0 0.021967634416320703 0.21214914350269143 0.00025879917184265007 0.00013990362194932378
0 1.0 0.0057113594043191164 0.6412820247196792 0.00025879917184265007 0.00013990362194932378
0 1.0 -0.1784498667355889 5.592522854699061 0.00025879917184265007 0.00013990362194932378
0 1.0 -0.444571131500914 14.475896243660594 0.00025879917184265007 0.00013990362194932378
0 1.0 -0.041968390257962986 2.185944547208198 0.00025879917184265007 0.00013990362194932378
0 1.0 -0.008371053635569843 1.160343869617461 0.00025879917184265007 0.00013990362194932378
0 1.0 0.00867212938152813 0.6400794139228276 0.00025879917184265007 0.00013990362194932378
0 1.0 0.01816836635428699 0.3501949155387399 0.00025879917184265007 0.00013990362194932378
0 1.0 -0.005593274394541669 2.360953787686956 0.00025879917184265007 0.00013990362194932378
0 1.0 -0.026955598471891034 3.2560505009516296 0.00025879917184265007 0.00013990362194932378
0 1.0 0.04064622955310039 -0.29103105853843114 0.00025879917184265007 0.00013990362194932378
0 1.0 0.039612055257781574 -0.2637076531523241 0.00025879917184265007 0.00013990362194932378
0 1.0 0.038742733181334386 -0.24073972635954308 0.00025879917184265007 0.00013990362194932378
0 1.0 0.037965657489913325 -0.22020899548710238 0.00025879917184265007 0.00013990362194932378
0 1.0 0.03720731909020687 -0.2001733132923104 0.00025879917184265007 0.00013990362194932378
