0 1.0 0.0577994439372317 -1.063697023640528 0.00025879917184265007 0.00013990362194932378
0 1.0 0.05640061697689547 -1.0708705998664516 0.00025879917184265007 0.00013990362194932378
0 1.0 0.06229902477728498 -1.4333163485870102 0.00025879917184265007 0.00013990362194932378
0 1.0 0.15372603787998396 -7.051329435966939 0.00025879917184265007 0.00013990362194932378
0 1.0 0.06916086742975149 -2.0200394565177624 0.00025879917184265007 0.00013990362194932378
0 1.0 0.10517872583773585 -4.424166945291111 0.00025879917184265007 0.00013990362194932378
0 1.0 0.028360767665449718 0.03558834431930471 0.00025879917184265007 0.00013990362194932378
0 1.0 0.028212875591827082 0.03951586989462531 0.00025879917184265007 0.00013990362194932378
0 1.0 0.0269514311494389 0.07575474233375352 0.00025879917184265007 0.00013990362194932378
0 1.0 0.026133360715888624 0.09814322511132685 0.00025879917184265007 0.00013990362194932378
0 1.0 0.024839914682428518 0.13354245816053092 0.00025879917184265007 0.00013990362194932378
0 1.0 0.024994223784823504 0.12495717711484504 0.00025879917184265007 0.00013990362194932378
0 1.0 0.0542174564755177 -0.8543213950864581 0.00025879917184265007 0.00013990362194932378
0 1.0 -0.018531362622851218 1.4229110969591483 0.00025879917184265007 0.00013990362194932378
0 1.0 -0.00040060107598692535 0.8871510542748122 0.00025879917184265007 0.00013990362194932378
0 1.0 0.024391828070252728 0.15618818330637185 0.00025879917184265007 0.00013990362194932378
0 1.0 0.02564825736171554 0.11959866387434742 0.00025879917184265007 0.00013990362194932378
0 1.0 0.025885531414801998 0.1126888360933352 0.00025879917184265007 0.00013990362194932378
0 1.0 0.02609982970550766 0.10644810195793426 0.00025879917184265007 0.00013990362194932378
0 1.0 0.026471671913871824 0.09561949300383331 0.00025879917184265007 0.00013990362194932378
0 1.0 0.026634013293545245 0.09089189620141463 0.00025879917184265007 0.00013990362194932378
0 1.0 0.02692077872262911 0.0825409056633985 0.00025879917184265007 0.00013990362194932378
0 1.0 0.027048286342584053 0.0788277142540626 0.00025879917184265007 0.00013990362194932378
0 1.0 0.027281692531950466 0.07203036129483803 0.00025879917184265007 0.00013990362194932378
0 1.0 0.027394656996651525 0.06874034689452312 0.00025879917184265007 0.00013990362194932378
0 1.0 0.007547380382717353 0.6522899385647493 0.00025879917184265007 0.00013990362194932378
0 1.0 0.027617128850042142 0.06226167706108764 0.00025879917184265007 0.00013990362194932378
0 1.0 0.028017499620187392 0.050604968152263875 0.00025879917184265007 0.00013990362194932378
0 1.0 0.02822589503623098 0.04453562762420046 0.00025879917184265007 0.00013990362194932378
0 1.0 0.028522964647037168 0.035884212319241576 0.00025879917184265007 0.00013990362194932378
0 1.0 0.028676703307600145 0.03140715471406578 0.00025879917184265007 0.00013990362194932378
0 1.0 0.028752493346113024 0.029200056206259865 0.00025879917184265007 0.00013990362194932378
0 1.0 0.012232049845930104 0.5138589793860388 0.00025879917184265007 0.00013990362194932378
0 1.0 0.015309552152119819 0.42291945857972735 0.00025879917184265007 0.00013990362194932378
0 1.0 0.01749119388734505 0.35845242192685384 0.00025879917184265007 0.00013990362194932378
0 1.0 0.02133812437693726 0.2451157934436181 0.00025879917184265007 0.00013990362194932378
0 1.0 0.02217733676852146 0.22067689567350743 0.00025879917184265007 0.00013990362194932378
0 1.0 0.022872997361839276 0.2004184029566695 0.00025879917184265007 0.00013990362194932378
0 1.0 0.023459046962174677 0.18335191726789857 0.00025879917184265007 0.00013990362194932378
0 1.0 0.02395949899775119 0.16877813802089447 0.00025879917184265007 0.00013990362194932378
0 1.0 0.024769061548930264 0.14520268009727283 0.00025879917184265007 0.00013990362194932378
0 1.0 0.02820662314153534 0.041404167824167656 0.00025879917184265007 0.00013990362194932378
0 1.0 0.02788587167687434 0.0501783237801485 0.00025879917184265007 0.00013990362194932378
0 1.0 0.02724321458002565 0.06776844183348939 0.00025879917184265007 0.00013990362194932378
0 1.0 0.027602956460405195 0.057921964221717255 0.00025879917184265007 0.00013990362194932378
0 1.0 0.027447688698846777 0.06217178058960713 0.00025879917184265007 0.00013990362194932378
0 1.0 0.02770727014865181 0.05293447535945816 0.00025879917184265007 0.00013990362194932378
0 1.0 0.026503264114989423 0.08490025394738998 0.00025879917184265007 0.00013990362194932378
0 1.0 0.021779230120399798 0.21030740338223436 0.00025879917184265007 0.00013990362194932378
0 1.0 0.02044019433623492 0.24585505424931417 0.00025879917184265007 0.00013990362194932378
0 1.0 0.02629433599412494 0.10078375074782889 0.00025879917184265007 0.00013990362194932378
0 1.0 0.026783201523839895 0.0865473365954877 0.00025879917184265007 0.00013990362194932378
0 1.0 0.027169331058806645 0.07530273119358355 0.00025879917184265007 0.00013990362194932378
0 1.0 0.02781142927060102 0.05660466208345802 0.00025879917184265007 0.00013990362194932378
0 1.0 0.028418788640649482 0.03891794488830969 0.00025879917184265007 0.00013990362194932378
0 1.0 0.028687749415048206 0.02963071721061898 0.00025879917184265007 0.00013990362194932378
0 1.0 0.02833939235327384 0.037770692256666384 0.00025879917184265007 0.00013990362194932378
0 1.0 0.02827566272958014 0.03951477153216285 0.00025879917184265007 0.00013990362194932378
0 1.0 -0.15997519002063612 11.314301981466645 0.00025879917184265007 0.00013990362194932378
0 1.0 0.008318350763102585 1.8813491310365313 0.00025879917184265007 0.00013990362194932378
0 1.0 0.01668800282927217 1.3667265401957112 0.00025879917184265007 0.00013990362194932378
0 1.0 0.024126471489795617 0.9093593780122438 0.00025879917184265007 0.00013990362194932378
0 1.0 0.05707766775247746 -0.9377324980707137 0.00025879917184265007 0.00013990362194932378
0 1.0 0.0517729526340361 -0.7103514578389643 0.00025879917184265007 0.00013990362194932378
0 1.0 0.06389914631988158 -1.4125947756269204 0.00025879917184265007 0.00013990362194932378
0 1.0 0.1410242043755667 -5.797030559130807 0.00025879917184265007 0.00013990362194932378
0 1.0 0.003568614655025386 2.0159802714397204 0.00025879917184265007 0.00013990362194932378
0 1.0 0.020025847327876427 1.0792932836646911 0.00025879917184265007 0.00013990362194932378
0 1.0 0.08301379634014903 -2.4992319549144097 0.00025879917184265007 0.00013990362194932378
0 1.0 0.02329404939499055 0.8932788782941429 0.00025879917184265007 0.00013990362194932378
0 1.0 0.028825491277592256 0.5784685467048938 0.00025879917184265007 0.00013990362194932378
0 1.0 0.03382307921369831 0.2773716232515458 0.00025879917184265007 0.00013990362194932378
0 1.0 0.033209953284693214 0.30979367429355914 0.00025879917184265007 0.00013990362194932378
0 1.0 0.032809423679232494 0.33097681752018887 0.00025879917184265007 0.00013990362194932378
0 1.0 0.027893040056564355 0.5910126743170582 0.00025879917184265007 0.00013990362194932378
0 1.0 0.02222190483768418 0.8908803672458382 0.00025879917184265007 0.00013990362194932378
0 1.0 -0.03628150753293804 3.9814064574305905 0.00025879917184265007 0.00013990362194932378
0 1.0 0.12022701379020574 -4.281533780365977 0.00025879917184265007 0.00013990362194932378
0 1.0 0.02975696727319513 0.5254506207810481 0.00025879917184265007 0.00013990362194932378
0 1.0 0.030516096830104287 0.48224234187230297 0.00025879917184265007 0.00013990362194932378
0 1.0 0.032877630286539665 0.3478281364059117 0.00025879917184265007 0.00013990362194932378
0 1.0 0.03319136445894063 0.32997469323147616 0.00025879917184265007 0.00013990362194932378
0 1.0 0.03378945371486011 0.2959789132895915 0.00025879917184265007 0.00013990362194932378
0 1.0 0.035414878851426496 0.19941963787577582 0.00025879917184265007 0.00013990362194932378
0 1.0 0.03493121060410374 0.21877235616024127 0.00025879917184265007 0.00013990362194932378
0 1.0 0.03461041636112635 0.2357363528667177 0.00025879917184265007 0.00013990362194932378
0 1.0 0.02677740773737781 0.6950185451061461 0.00025879917184265007 0.00013990362194932378
0 1.0 0.031146697053331958 0.446349719753781 0.00025879917184265007 0.00013990362194932378
0 1.0 0.06480165422366595 -1.2514958832380259 0.00025879917184265007 0.00013990362194932378
0 1.0 0.032528932846010876 0.3676753629142281 0.00025879917184265007 0.00013990362194932378
0 1.0 0.033489380497649573 0.31303526893848166 0.00025879917184265007 0.00013990362194932378
0 1.0 0.03516793396437194 0.21753902054629604 0.00025879917184265007 0.00013990362194932378
0 1.0 0.03524182483238993 0.20234669123332025 0.00025879917184265007 0.00013990362194932378
0 1.0 0.03413379377136098 0.2609407454641925 0.00025879917184265007 0.00013990362194932378
0 1.0 0.03354899769820087 0.2918650322964873 0.00025879917184265007 0.00013990362194932378
0 1.0 0.03088768448162823 0.4326255227412875 0.00025879917184265007 0.00013990362194932378
0 1.0 0.08137641125999326 -2.075263217004551 0.00025879917184265007 0.00013990362194932378
0 1.0 0.028460223966600785 0.03446391119608492 0.00025879917184265007 0.00013990362194932378
0 1.0 0.028404962195092167 0.035976252001337916 0.00025879917184265007 0.00013990362194932378
0 1.0 0.028121012919473016 0.04374689632057884 0.00025879917184265007 0.00013990362194932378
0 1.0 0.02801620276181425 0.04661153070241378 0.00025879917184265007 0.00013990362194932378
0 1.0 0.027749293538706334 0.053916588576758774 0.00025879917184265007 0.00013990362194932378
0 1.0 0.025581654205255346 0.11324215032882673 0.00025879917184265007 0.00013990362194932378
0 1.0 0.02389357958259825 0.15944113744275942 0.00025879917184265007 0.00013990362194932378
0 1.0 0.022518201285581747 0.1970815899764932 0.00025879917184265007 0.00013990362194932378
0 1.0 0.02590995434437366 0.10065704535325423 0.00025879917184265007 0.00013990362194932378
0 1.0 0.021181194754891358 0.23367190913807298 0.00025879917184265007 0.00013990362194932378
0 1.0 0.02415499072157226 0.15756435600519347 0.00025879917184265007 0.00013990362194932378
0 1.0 0.019383593066429526 0.2830164235332266 0.00025879917184265007 0.00013990362194932378
0 1.0 0.01567509919721108 0.3857119297731521 0.00025879917184265007 0.00013990362194932378
0 1.0 -0.008761211763492429 1.030382308111651 0.00025879917184265007 0.00013990362194932378
0 1.0 0.725542441972505 -18.71163564097954 0.00025879917184265007 0.00013990362194932378
0 1.0 0.02644839768613697 0.09283355361680962 0.00025879917184265007 0.00013990362194932378
0 1.0 0.028015651806205865 0.04859646868183617 0.00025879917184265007 0.00013990362194932378
0 1.0 0.028704669127569134 0.02807834936070565 0.00025879917184265007 0.00013990362194932378
0 1.0 0.028653665894505985 0.02917001429355443 0.00025879917184265007 0.00013990362194932378
0 1.0 0.028612500426300216 0.030296583631368803 0.00025879917184265007 0.00013990362194932378
0 1.0 0.028563480240035997 0.03163811188760521 0.00025879917184265007 0.00013990362194932378
0 1.0 0.02851541012091654 0.03295363979547162 0.00025879917184265007 0.00013990362194932378
0 1.0 -0.444571131500914 14.475896243660594 0.00025879917184265007 0.00013990362194932378
0 1.0 -0.041974970035728275 2.186145403145402 0.00025879917184265007 0.00013990362194932378
0 1.0 -0.008854091414401435 1.1750892013334724 0.00025879917184265007 0.00013990362194932378
0 1.0 0.0034314022800377964 0.8000591565663019 0.00025879917184265007 0.00013990362194932378
0 1.0 0.009837715019926592 0.6044984560044333 0.00025879917184265007 0.00013990362194932378
0 1.0 0.013770181509261747 0.48445500311427564 0.00025879917184265007 0.00013990362194932378
0 1.0 0.016429877618446064 0.40326445630328883 0.00025879917184265007 0.00013990362194932378
0 1.0 0.01834863042339134 0.3446921296037549 0.00025879917184265007 0.00013990362194932378
0 1.0 0.032134225455634186 0.39014139240223894 0.00025879917184265007 0.00013990362194932378
0 1.0 0.031678892764368624 0.4160581041695635 0.00025879917184265007 0.00013990362194932378
0 1.0 0.062209784555891844 -1.2155764382983483 0.00025879917184265007 0.00013990362194932378
0 1.0 0.03477151213586792 0.24010147498085196 0.00025879917184265007 0.00013990362194932378
0 1.0 0.03510443128788666 0.209612231957531 0.00025879917184265007 0.00013990362194932378
0 1.0 0.03477321839338027 0.22712717985497458 0.00025879917184265007 0.00013990362194932378
0 1.0 0.03440331809801213 0.24668796540433469 0.00025879917184265007 0.00013990362194932378
0 1.0 0.071513146966741 -1.7096625051707617 0.00025879917184265007 0.00013990362194932378
0 1.0 0.03223708028058395 0.3612504183745602 0.00025879917184265007 0.00013990362194932378
0 1.0 0.03161745342169863 0.3940250362854745 0.00025879917184265007 0.00013990362194932378
0 1.0 0.02973205972717115 0.4937512780771085 0.00025879917184265007 0.00013990362194932378
0 1.0 0.04064622955310039 -0.29103105853843114 0.00025879917184265007 0.00013990362194932378
0 1.0 0.03961396505250914 -0.26375811089023415 0.00025879917184265007 0.00013990362194932378
0 1.0 0.03876838411348028 -0.24141743689704778 0.00025879917184265007 0.00013990362194932378
0 1.0 0.03806304239810146 -0.2227819537756208 0.00025879917184265007 0.00013990362194932378
0 1.0 0.03746571661894661 -0.20700030605405517 0.00025879917184265007 0.00013990362194932378
