0 1.0 0.061031846617555785 -1.249593388868413 0.00025879917184265007 0.00013990362194932378
0 1.0 0.08308070763434922 -2.7103105574825825 0.00025879917184265007 0.00013990362194932378
0 1.0 0.08594009762898489 -3.140022996502212 0.00025879917184265007 0.00013990362194932378
0 1.0 0.028310927672017247 0.03691193012133585 0.00025879917184265007 0.00013990362194932378
0 1.0 0.028012082845835846 0.046724134797528696 0.00025879917184265007 0.00013990362194932378
0 1.0 0.02765282589961273 0.05655699343271095 0.00025879917184265007 0.00013990362194932378
0 1.0 0.024529376736448047 0.14204105730300431 0.00025879917184265007 0.00013990362194932378
0 1.0 0.02359597704954178 0.16758572867538984 0.00025879917184265007 0.00013990362194932378
0 1.0 0.021675442011808373 0.22014567388027692 0.00025879917184265007 0.00013990362194932378
0 1.0 0.015489373377183608 0.39086256594559443 0.00025879917184265007 0.00013990362194932378
0 1.0 0.05448371628620801 -0.8700028628698651 0.00025879917184265007 0.00013990362194932378
0 1.0 -0.018531362622851218 1.4229110969591483 0.00025879917184265007 0.00013990362194932378
0 1.0 -0.00040060107598692535 0.8871510542748122 0.00025879917184265007 0.00013990362194932378
0 1.0 0.024391828070252728 0.15618818330637185 0.00025879917184265007 0.00013990362194932378
0 1.0 0.02564825736171554 0.11959866387434742 0.00025879917184265007 0.00013990362194932378
0 1.0 0.025885538702759933 0.11268862385548768 0.00025879917184265007 0.00013990362194932378
0 1.0 0.02609988789162737 0.10644640747823368 0.00025879917184265007 0.00013990362194932378
0 1.0 0.026484181049886854 0.095255210332683 0.00025879917184265007 0.00013990362194932378
0 1.0 0.026674922195997 0.08970057457528047 0.00025879917184265007 0.00013990362194932378
0 1.0 0.027173961625245456 0.07516788294273347 0.00025879917184265007 0.00013990362194932378
0 1.0 0.027629913255267265 0.061889461851102556 0.00025879917184265007 0.00013990362194932378
0 1.0 0.028061439670366648 0.04932566303667596 0.00025879917184265007 0.00013990362194932378
0 1.0 0.028279722253851385 0.04296772795757058 0.00025879917184265007 0.00013990362194932378
0 1.0 0.007547380382717353 0.6522899385647493 0.00025879917184265007 0.00013990362194932378
0 1.0 0.028505689546325468 0.03638728435550288 0.00025879917184265007 0.00013990362194932378
0 1.0 0.02868868818396875 0.031058140473297424 0.00025879917184265007 0.00013990362194932378
0 1.0 0.028750279856824986 0.029264515718360994 0.00025879917184265007 0.00013990362194932378
0 1.0 0.012232049845930104 0.5138589793860388 0.00025879917184265007 0.00013990362194932378
0 1.0 0.015309552152119819 0.42291945857972735 0.00025879917184265007 0.00013990362194932378
0 1.0 0.01749119388734505 0.35845242192685384 0.00025879917184265007 0.00013990362194932378
0 1.0 0.02133812437693726 0.2451157934436181 0.00025879917184265007 0.00013990362194932378
0 1.0 0.02217733676852146 0.22067689567350743 0.00025879917184265007 0.00013990362194932378
0 1.0 0.022872997361839276 0.2004184029566695 0.00025879917184265007 0.00013990362194932378
0 1.0 0.023459046962174677 0.18335191726789857 0.00025879917184265007 0.00013990362194932378
0 1.0 0.02395949899775119 0.16877813802089447 0.00025879917184265007 0.00013990362194932378
0 1.0 0.024769061548930264 0.14520268009727283 0.00025879917184265007 0.00013990362194932378
0 1.0 0.027923539288272604 0.04914732784220936 0.00025879917184265007 0.00013990362194932378
0 1.0 0.027114108090561292 0.07130222543191406 0.00025879917184265007 0.00013990362194932378
0 1.0 0.02548951853081234 0.11576369839608054 0.00025879917184265007 0.00013990362194932378
0 1.0 0.026087709951555307 0.0993925690664967 0.00025879917184265007 0.00013990362194932378
0 1.0 0.02535172336172179 0.11547060362218865 0.00025879917184265007 0.00013990362194932378
0 1.0 0.023394115011618158 0.16743673108025867 0.00025879917184265007 0.00013990362194932378
0 1.0 0.021041812977606166 0.22988376380920864 0.00025879917184265007 0.00013990362194932378
0 1.0 0.026294883191466445 0.10076781563376788 0.00025879917184265007 0.00013990362194932378
0 1.0 0.02690841256951312 0.0829010244824388 0.00025879917184265007 0.00013990362194932378
0 1.0 0.027880811721260595 0.05458460694700012 0.00025879917184265007 0.00013990362194932378
0 1.0 0.02852945853141144 0.034098541446434635 0.00025879917184265007 0.00013990362194932378
0 1.0 0.028687832475276634 0.02823498248286831 0.00025879917184265007 0.00013990362194932378
0 1.0 0.028644135657029716 0.029430826906426472 0.00025879917184265007 0.00013990362194932378
0 1.0 0.028164579689460553 0.042554764817904496 0.00025879917184265007 0.00013990362194932378
0 1.0 0.02808273064449615 0.044793214001643926 0.00025879917184265007 0.00013990362194932378
0 1.0 -0.10813968860862043 9.039014066764933 0.00025879917184265007 0.00013990362194932378
0 1.0 0.008318350763102585 1.8813491310365313 0.00025879917184265007 0.00013990362194932378
0 1.0 0.01668800282927217 1.3667265401957112 0.00025879917184265007 0.00013990362194932378
0 1.0 0.024126471489795617 0.9093593780122438 0.00025879917184265007 0.00013990362194932378
0 1.0 -0.024020476474914048 3.3340796152260084 0.00025879917184265007 0.00013990362194932378
0 1.0 0.05577470461275214 -0.8669604754700987 0.00025879917184265007 0.00013990362194932378
0 1.0 0.051780742511730225 -0.7108102455012095 0.00025879917184265007 0.00013990362194932378
0 1.0 0.0751982986948846 -2.0549334557541736 0.00025879917184265007 0.00013990362194932378
0 1.0 -0.04792058483132412 4.9441774968445165 0.00025879917184265007 0.00013990362194932378
0 1.0 0.003568614655025386 2.0159802714397204 0.00025879917184265007 0.00013990362194932378
0 1.0 0.020025847327876427 1.0792932836646911 0.00025879917184265007 0.00013990362194932378
0 1.0 0.11940210364649992 -4.567848830896679 0.00025879917184265007 0.00013990362194932378
0 1.0 0.02329404939499055 0.8932788782941429 0.00025879917184265007 0.00013990362194932378
0 1.0 0.02882634261646041 0.5784200900390621 0.00025879917184265007 0.00013990362194932378
0 1.0 0.0330919461883589 0.3160338802931321 0.00025879917184265007 0.00013990362194932378
0 1.0 0.032055282922746044 0.3708664297770826 0.00025879917184265007 0.00013990362194932378
0 1.0 0.0314485581166984 0.4029586049469226 0.00025879917184265007 0.00013990362194932378
0 1.0 0.09327906132083277 -2.858804085503775 0.00025879917184265007 0.00013990362194932378
0 1.0 0.02976667262716817 0.5248982096180818 0.00025879917184265007 0.00013990362194932378
0 1.0 0.03057103416652227 0.4791154082246151 0.00025879917184265007 0.00013990362194932378
0 1.0 0.03318329078290339 0.33043360619666867 0.00025879917184265007 0.00013990362194932378
0 1.0 0.03405220006252706 0.28104131409169053 0.00025879917184265007 0.00013990362194932378
0 1.0 0.035379379436112766 0.20550454494854908 0.00025879917184265007 0.00013990362194932378
0 1.0 0.035019962955432624 0.21407902194806422 0.00025879917184265007 0.00013990362194932378
0 1.0 0.034516644822061036 0.24069510794006616 0.00025879917184265007 0.00013990362194932378
0 1.0 0.034048209019567746 0.26546657309149074 0.00025879917184265007 0.00013990362194932378
0 1.0 0.02677740773737781 0.6950185451061461 0.00025879917184265007 0.00013990362194932378
0 1.0 0.031253317205698836 0.4402810938666307 0.00025879917184265007 0.00013990362194932378
0 1.0 0.03286431308200651 0.34858612755843127 0.00025879917184265007 0.00013990362194932378
0 1.0 0.03505734176724041 0.22383340503570215 0.00025879917184265007 0.00013990362194932378
0 1.0 0.035173297675266293 0.20597049213747712 0.00025879917184265007 0.00013990362194932378
0 1.0 0.03486449823257631 0.22230018895539547 0.00025879917184265007 0.00013990362194932378
0 1.0 0.033435013169503494 0.29789252523488463 0.00025879917184265007 0.00013990362194932378
0 1.0 0.0326745352494897 0.3381116224145033 0.00025879917184265007 0.00013990362194932378
0 1.0 0.025214789068165457 0.7326296590456302 0.00025879917184265007 0.00013990362194932378
0 1.0 0.02832172907015158 0.038254080738274486 0.00025879917184265007 0.00013990362194932378
0 1.0 0.028243755425676427 0.040387974043806014 0.00025879917184265007 0.00013990362194932378
0 1.0 0.027807391829983708 0.052326386806998214 0.00025879917184265007 0.00013990362194932378
0 1.0 0.027419010053452257 0.06295674055414333 0.00025879917184265007 0.00013990362194932378
0 1.0 0.026680285577723176 0.08317529894307586 0.00025879917184265007 0.00013990362194932378
0 1.0 0.022773018362141392 0.19010792309819982 0.00025879917184265007 0.00013990362194932378
0 1.0 0.02019011721010678 0.26080000595781033 0.00025879917184265007 0.00013990362194932378
0 1.0 0.01820985112836001 0.31541699187590644 0.00025879917184265007 0.00013990362194932378
0 1.0 0.015719010256426788 0.3722227305906859 0.00025879917184265007 0.00013990362194932378
0 1.0 -0.00027214713987115316 0.8279684982055228 0.00025879917184265007 0.00013990362194932378
0 1.0 0.027459228474898772 0.06430383275747381 0.00025879917184265007 0.00013990362194932378
0 1.0 0.9074858598792359 -23.60324989859443 0.00025879917184265007 0.00013990362194932378
0 1.0 0.028184764057831085 0.04382753740509987 0.00025879917184265007 0.00013990362194932378
0 1.0 0.028684896309426264 0.029711247271177053 0.00025879917184265007 0.00013990362194932378
0 1.0 0.02859653212657018 0.030733585750790247 0.00025879917184265007 0.00013990362194932378
0 1.0 0.028548846064979122 0.03203860321253991 0.00025879917184265007 0.00013990362194932378
0 1.0 0.028491555139301353 0.033606475582677084 0.00025879917184265007 0.00013990362194932378
0 1.0 0.028438017162581337 0.03507164154847926 0.00025879917184265007 0.00013990362194932378
0 1.0 0.02838857125256653 0.036424820524230954 0.00025879917184265007 0.00013990362194932378
0 1.0 -0.444571131500914 14.475896243660594 0.00025879917184265007 0.00013990362194932378
0 1.0 -0.041974970035728275 2.186145403145402 0.00025879917184265007 0.00013990362194932378
0 1.0 -0.008854091414401435 1.1750892013334724 0.00025879917184265007 0.00013990362194932378
0 1.0 0.0034314022800377964 0.8000591565663019 0.00025879917184265007 0.00013990362194932378
0 1.0 0.009837715019926592 0.6044984560044333 0.00025879917184265007 0.00013990362194932378
0 1.0 0.013770181509261747 0.48445500311427564 0.00025879917184265007 0.00013990362194932378
0 1.0 0.016429877618446064 0.40326445630328883 0.00025879917184265007 0.00013990362194932378
0 1.0 0.01834863042339134 0.3446921296037549 0.00025879917184265007 0.00013990362194932378
0 1.0 0.03246701043741182 0.37119987421417316 0.00025879917184265007 0.00013990362194932378
0 1.0 0.031929195325359296 0.4018113359223962 0.00025879917184265007 0.00013990362194932378
0 1.0 0.06695329923822856 -1.3596595396696298 0.00025879917184265007 0.00013990362194932378
0 1.0 0.035304182346141424 0.19904914870859644 0.00025879917184265007 0.00013990362194932378
0 1.0 0.034715121987041436 0.23019938974453888 0.00025879917184265007 0.00013990362194932378
0 1.0 0.03430781937788739 0.2517380559503281 0.00025879917184265007 0.00013990362194932378
0 1.0 0.03373744701361572 0.2818998472762943 0.00025879917184265007 0.00013990362194932378
0 1.0 0.0635887051350548 -1.28924685050017 0.00025879917184265007 0.00013990362194932378
0 1.0 0.03045470856445234 0.4555274031981749 0.00025879917184265007 0.00013990362194932378
0 1.0 0.028555750398163018 0.5559678910138869 0.00025879917184265007 0.00013990362194932378
0 1.0 0.10662865806510047 -3.317995167925412 0.00025879917184265007 0.00013990362194932378
0 1.0 0.04064622955310039 -0.29103105853843114 0.00025879917184265007 0.00013990362194932378
0 1.0 0.03961396505250914 -0.26375811089023415 0.00025879917184265007 0.00013990362194932378
0 1.0 0.03876838411348028 -0.24141743689704778 0.00025879917184265007 0.00013990362194932378
0 1.0 0.03806304239810146 -0.2227819537756208 0.00025879917184265007 0.00013990362194932378
0 1.0 0.03746571661894661 -0.20700030605405517 0.00025879917184265007 0.00013990362194932378
