0 1.0 0.06087723425616443 -1.2408039242385493 0.00025879917184265007 0.00013990362194932378
0 1.0 0.06735364483607034 -1.7439129729139073 0.00025879917184265007 0.00013990362194932378
0 1.0 0.08586629961887791 -2.8814797961364267 0.00025879917184265007 0.00013990362194932378
0 1.0 0.1674583775311774 -7.895155141987645 0.00025879917184265007 0.00013990362194932378
0 1.0 0.09135703862492865 -3.501594098423255 0.00025879917184265007 0.00013990362194932378
0 1.0 0.027725630917718347 0.059102662684368826 0.00025879917184265007 0.00013990362194932378
0 1.0 0.02828503072902468 0.04281313867560698 0.00025879917184265007 0.00013990362194932378
0 1.0 0.02849292967213465 0.03675886747960376 0.00025879917184265007 0.00013990362194932378
0 1.0 0.028700742229160345 0.03070711195190566 0.00025879917184265007 0.00013990362194932378
0 1.0 0.027207754862823383 0.06873901246533007 0.00025879917184265007 0.00013990362194932378
0 1.0 0.026287927801121717 0.09061903618857872 0.00025879917184265007 0.00013990362194932378
0 1.0 0.024355861645569916 0.14190505076924465 0.00025879917184265007 0.00013990362194932378
0 1.0 0.02172031821889446 0.21187134941817518 0.00025879917184265007 0.00013990362194932378
0 1.0 0.02044019433623492 0.24585505424931417 0.00025879917184265007 0.00013990362194932378
0 1.0 0.06984708049273752 -1.7507252883659379 0.00025879917184265007 0.00013990362194932378
0 1.0 0.09039994226117591 -2.9191224975568586 0.00025879917184265007 0.00013990362194932378
0 1.0 0.18615994291050164 -8.36292486295824 0.00025879917184265007 0.00013990362194932378
0 1.0 0.004339665600762033 1.9720948016198332 0.00025879917184265007 0.00013990362194932378
0 1.0 0.015855090386799896 1.316677893431031 0.00025879917184265007 0.00013990362194932378
0 1.0 0.03348749872199678 0.2951170933351643 0.00025879917184265007 0.00013990362194932378
0 1.0 0.029937527347079704 0.4828832489737844 0.00025879917184265007 0.00013990362194932378
0 1.0 0.019215176570956595 1.0498630879034632 0.00025879917184265007 0.00013990362194932378
0 1.0 -0.06285466282587675 5.384348560895283 0.00025879917184265007 0.00013990362194932378
0 1.0 0.03249609579801547 0.3475500203122687 0.00025879917184265007 0.00013990362194932378
0 1.0 0.12656369037299567 -4.299052488601157 0.00025879917184265007 0.00013990362194932378
0 1.0 0.06698697582585814 -1.4707011928602587 0.00025879917184265007 0.00013990362194932378
0 1.0 0.061168280248587975 -1.0688453941155238 0.00025879917184265007 0.00013990362194932378
0 1.0 0.02621455772490551 0.09592107190371599 0.00025879917184265007 0.00013990362194932378
0 1.0 0.02452123530276758 0.14226386672836097 0.00025879917184265007 0.00013990362194932378
0 1.0 0.020404245650540012 0.2549349434224604 0.00025879917184265007 0.00013990362194932378
0 1.0 0.0030299043611766315 0.7133739084003113 0.00025879917184265007 0.00013990362194932378
0 1.0 0.7128456389519141 -18.37027752318559 0.00025879917184265007 0.00013990362194932378
0 1.0 -0.444571131500914 14.475896243660594 0.00025879917184265007 0.00013990362194932378
0 1.0 -0.03368773525616877 1.9331672072605222 0.00025879917184265007 0.00013990362194932378
0 1.0 0.008401733814485815 0.6483335764444875 0.00025879917184265007 0.00013990362194932378
0 1.0 0.01913840944987458 0.32058313805445754 0.00025879917184265007 0.00013990362194932378
0 1.0 0.11429942920238814 -3.968584192768178 0.00025879917184265007 0.00013990362194932378
0 1.0 0.06894347684739201 -1.4593131785392985 0.00025879917184265007 0.00013990362194932378
0 1.0 0.04064596453399941 -0.29102405660039793 0.00025879917184265007 0.00013990362194932378
0 1.0 0.03917593540914791 -0.25218514725067476 0.00025879917184265007 0.00013990362194932378
0 1.0 0.037487121938052176 -0.20756584535820136 0.00025879917184265007 0.00013990362194932378
