0 1.0 0.028533047499804457 0.03101316027484592 0.00025879917184265007 0.00013990362194932378
0 1.0 0.028125607342004845 0.04183342670950126 0.00025879917184265007 0.00013990362194932378
0 1.0 0.09266229508598295 -3.5887176276007904 0.00025879917184265007 0.00013990362194932378
0 1.0 0.025911719366241953 0.10420900248696238 0.00025879917184265007 0.00013990362194932378
0 1.0 0.024944747000798486 0.1306733235865933 0.00025879917184265007 0.00013990362194932378
0 1.0 0.01991014135300588 0.26851218742336413 0.00025879917184265007 0.00013990362194932378
0 1.0 -0.01713402715817018 1.2955901199315787 0.00025879917184265007 0.00013990362194932378
0 1.0 0.057784116096699596 -0.8025810750300527 0.00025879917184265007 0.00013990362194932378
0 1.0 0.05172927225848035 -0.7050992142163119 0.00025879917184265007 0.00013990362194932378
0 1.0 0.0568373824293924 -1.008090260163418 0.00025879917184265007 0.00013990362194932378
0 1.0 0.10101888649872147 -3.8125769468548847 0.00025879917184265007 0.00013990362194932378
0 1.0 -0.018531362622851218 1.4229110969591483 0.00025879917184265007 0.00013990362194932378
0 1.0 -0.00040060107598692535 0.8871510542748122 0.00025879917184265007 0.00013990362194932378
0 1.0 0.026299027457387946 0.10064712910049892 0.00025879917184265007 0.00013990362194932378
0 1.0 0.027165301751336024 0.07542006998393003 0.00025879917184265007 0.00013990362194932378
0 1.0 0.027753023616187367 0.058305130156794914 0.00025879917184265007 0.00013990362194932378
0 1.0 0.02798376509071088 0.05158714172637685 0.00025879917184265007 0.00013990362194932378
0 1.0 0.028319329504371597 0.04181431643757751 0.00025879917184265007 0.00013990362194932378
0 1.0 0.028503112993006764 0.03646231673570181 0.00025879917184265007 0.00013990362194932378
0 1.0 0.028697626371902783 0.030797849521626505 0.00025879917184265007 0.00013990362194932378
0 1.0 0.02875228055209519 0.029206253028011577 0.00025879917184265007 0.00013990362194932378
0 1.0 0.007547380382717353 0.6522899385647493 0.00025879917184265007 0.00013990362194932378
0 1.0 0.012232049845930104 0.5138589793860388 0.00025879917184265007 0.00013990362194932378
0 1.0 0.015309552152119819 0.42291945857972735 0.00025879917184265007 0.00013990362194932378
0 1.0 0.01749119388734505 0.35845242192685384 0.00025879917184265007 0.00013990362194932378
0 1.0 0.02133915956915155 0.24508564737219335 0.00025879917184265007 0.00013990362194932378
0 1.0 0.022190564255625166 0.22029169496826886 0.00025879917184265007 0.00013990362194932378
0 1.0 0.023167335773791476 0.19184690612028774 0.00025879917184265007 0.00013990362194932378
0 1.0 0.024232536211347324 0.16082695829877958 0.00025879917184265007 0.00013990362194932378
0 1.0 0.025687277905621673 0.11846231864483125 0.00025879917184265007 0.00013990362194932378
0 1.0 0.02679389475760136 0.08623593541213016 0.00025879917184265007 0.00013990362194932378
0 1.0 0.023513673322708026 0.16426279267537094 0.00025879917184265007 0.00013990362194932378
0 1.0 0.02125762033821258 0.22415468262997248 0.00025879917184265007 0.00013990362194932378
0 1.0 0.02817077972154942 0.04422169188112793 0.00025879917184265007 0.00013990362194932378
0 1.0 0.028556899233496538 0.03332401652745754 0.00025879917184265007 0.00013990362194932378
0 1.0 0.028681155006940913 0.02841772378059035 0.00025879917184265007 0.00013990362194932378
0 1.0 0.028595826831681787 0.030752887452678176 0.00025879917184265007 0.00013990362194932378
0 1.0 0.028498275245565505 0.03342256741901409 0.00025879917184265007 0.00013990362194932378
0 1.0 0.028435935098131946 0.03512862110125199 0.00025879917184265007 0.00013990362194932378
0 1.0 0.027484175427286404 0.06117310646577656 0.00025879917184265007 0.00013990362194932378
0 1.0 0.02688557320377787 0.07755710484647656 0.00025879917184265007 0.00013990362194932378
0 1.0 0.08392324269194186 -2.3648592858683832 0.00025879917184265007 0.00013990362194932378
0 1.0 -0.004266541009524384 2.6551530548171525 0.00025879917184265007 0.00013990362194932378
0 1.0 0.012982560259475572 1.5945621109464123 0.00025879917184265007 0.00013990362194932378
0 1.0 0.020642518613920163 1.1235762703245828 0.00025879917184265007 0.00013990362194932378
0 1.0 0.024372467505903474 0.8942338858000185 0.00025879917184265007 0.00013990362194932378
0 1.0 0.06445931254546519 -1.3357600491282107 0.00025879917184265007 0.00013990362194932378
0 1.0 0.06641801240756562 -1.5557882705442547 0.00025879917184265007 0.00013990362194932378
0 1.0 0.09287080752742188 -3.059587222805092 0.00025879917184265007 0.00013990362194932378
0 1.0 -0.037042038054338054 4.325605323546548 0.00025879917184265007 0.00013990362194932378
0 1.0 0.011433939337763158 1.568314042772989 0.00025879917184265007 0.00013990362194932378
0 1.0 0.018124127352473634 1.1875324020366544 0.00025879917184265007 0.00013990362194932378
0 1.0 0.02237982703564178 0.9453131543451593 0.00025879917184265007 0.00013990362194932378
0 1.0 -0.06528052327031038 6.405049699947628 0.00025879917184265007 0.00013990362194932378
0 1.0 0.025277297259358945 0.7803994832576291 0.00025879917184265007 0.00013990362194932378
0 1.0 0.029756365796017748 0.5254848557721635 0.00025879917184265007 0.00013990362194932378
0 1.0 0.026188193279234703 0.6811602757003223 0.00025879917184265007 0.00013990362194932378
0 1.0 -0.30367457192894637 18.098547763389433 0.00025879917184265007 0.00013990362194932378
0 1.0 0.10618095406312236 -3.295962432695677 0.00025879917184265007 0.00013990362194932378
0 1.0 0.030515592793742632 0.4822710307087424 0.00025879917184265007 0.00013990362194932378
0 1.0 0.031146444497946433 0.4463640947487185 0.00025879917184265007 0.00013990362194932378
0 1.0 0.035318763349588646 0.19827808719527298 0.00025879917184265007 0.00013990362194932378
0 1.0 0.03519307851861118 0.2049244566530498 0.00025879917184265007 0.00013990362194932378
0 1.0 0.03490658665900193 0.22007450086125077 0.00025879917184265007 0.00013990362194932378
0 1.0 0.03431466330158647 0.2513761407924575 0.00025879917184265007 0.00013990362194932378
0 1.0 0.03349034519390866 0.294966572123697 0.00025879917184265007 0.00013990362194932378
0 1.0 0.03267734376127205 0.3379630686530817 0.00025879917184265007 0.00013990362194932378
0 1.0 0.028824767300410056 0.5785097541743263 0.00025879917184265007 0.00013990362194932378
0 1.0 0.031978391222459636 0.3990111945977325 0.00025879917184265007 0.00013990362194932378
0 1.0 0.035359554857552336 0.2066328661415123 0.00025879917184265007 0.00013990362194932378
0 1.0 0.03505476256463439 0.21223877553214798 0.00025879917184265007 0.00013990362194932378
0 1.0 0.0345478280811283 0.2390460985962438 0.00025879917184265007 0.00013990362194932378
0 1.0 0.03408369002249033 0.26359029373206455 0.00025879917184265007 0.00013990362194932378
0 1.0 0.030684496048874656 0.44337299624396415 0.00025879917184265007 0.00013990362194932378
0 1.0 0.015666212437664476 1.2375168841147184 0.00025879917184265007 0.00013990362194932378
0 1.0 0.02670592083927406 0.08556246891809392 0.00025879917184265007 0.00013990362194932378
0 1.0 0.02752632324936508 0.062409803534005645 0.00025879917184265007 0.00013990362194932378
0 1.0 0.027950638309998836 0.04840560357871787 0.00025879917184265007 0.00013990362194932378
0 1.0 0.027784445873303226 0.05295443799611048 0.00025879917184265007 0.00013990362194932378
0 1.0 0.023359136777882865 0.17406741812969628 0.00025879917184265007 0.00013990362194932378
0 1.0 0.016346943467444384 0.36708002711147275 0.00025879917184265007 0.00013990362194932378
0 1.0 -0.006481685969039775 0.9690964369049117 0.00025879917184265007 0.00013990362194932378
0 1.0 0.4733237884907543 -11.930646388374617 0.00025879917184265007 0.00013990362194932378
0 1.0 0.028718971405654055 0.028749463893218197 0.00025879917184265007 0.00013990362194932378
0 1.0 0.02863563901616217 0.029663353232325673 0.00025879917184265007 0.00013990362194932378
0 1.0 0.028541426287239293 0.032241659182978666 0.00025879917184265007 0.00013990362194932378
0 1.0 0.02837666476864796 0.03675066352537921 0.00025879917184265007 0.00013990362194932378
0 1.0 0.02830765473571329 0.03863925098701472 0.00025879917184265007 0.00013990362194932378
0 1.0 0.02823645038849133 0.04058788992629257 0.00025879917184265007 0.00013990362194932378
0 1.0 0.02817814063210647 0.04218364448713639 0.00025879917184265007 0.00013990362194932378
0 1.0 0.028096234965965663 0.04442411863484881 0.00025879917184265007 0.00013990362194932378
0 1.0 -0.444571131500914 14.475896243660594 0.00025879917184265007 0.00013990362194932378
0 1.0 -0.041974970035728275 2.186145403145402 0.00025879917184265007 0.00013990362194932378
0 1.0 -0.008854091414401435 1.1750892013334724 0.00025879917184265007 0.00013990362194932378
0 1.0 0.0034314022800377964 0.8000591565663019 0.00025879917184265007 0.00013990362194932378
0 1.0 0.009837715019926592 0.6044984560044333 0.00025879917184265007 0.00013990362194932378
0 1.0 0.013770181509261747 0.48445500311427564 0.00025879917184265007 0.00013990362194932378
0 1.0 0.016429877618446064 0.40326445630328883 0.00025879917184265007 0.00013990362194932378
0 1.0 0.01834863042339134 0.3446921296037549 0.00025879917184265007 0.00013990362194932378
0 1.0 0.03487520023182464 0.2342000392570486 0.00025879917184265007 0.00013990362194932378
0 1.0 0.03392892094701893 0.2880515056549462 0.00025879917184265007 0.00013990362194932378
0 1.0 0.03474093181612783 0.22883453403031997 0.00025879917184265007 0.00013990362194932378
0 1.0 0.033827094204580604 0.2771593108485608 0.00025879917184265007 0.00013990362194932378
0 1.0 0.03312003019111195 0.31454880043000943 0.00025879917184265007 0.00013990362194932378
0 1.0 0.03198350288763181 0.3746631716238332 0.00025879917184265007 0.00013990362194932378
0 1.0 0.058098411654387484 -0.9931754406167729 0.00025879917184265007 0.00013990362194932378
0 1.0 0.06727263476768558 -1.3757126052361157 0.00025879917184265007 0.00013990362194932378
0 1.0 0.04064622955310039 -0.29103105853843114 0.00025879917184265007 0.00013990362194932378
0 1.0 0.03961396505250914 -0.26375811089023415 0.00025879917184265007 0.00013990362194932378
0 1.0 0.03876838411348028 -0.24141743689704778 0.00025879917184265007 0.00013990362194932378
0 1.0 0.03806304239810146 -0.2227819537756208 0.00025879917184265007 0.00013990362194932378
0 1.0 0.03746571661894661 -0.20700030605405517 0.00025879917184265007 0.00013990362194932378
