0 1.0 0.0577994439372317 -1.063697023640528 0.00025879917184265007 0.00013990362194932378
0 1.0 0.05640061697689547 -1.0708705998664516 0.00025879917184265007 0.00013990362194932378
0 1.0 0.06229902477728498 -1.4333163485870102 0.00025879917184265007 0.00013990362194932378
0 1.0 0.14615828310632867 -6.586305545131568 0.00025879917184265007 0.00013990362194932378
0 1.0 0.07539368864343608 -2.2379581112162032 0.00025879917184265007 0.00013990362194932378
0 1.0 0.09553284749959698 -3.780321855907822 0.00025879917184265007 0.00013990362194932378
0 1.0 0.027540413127665784 0.05963383071937621 0.00025879917184265007 0.00013990362194932378
0 1.0 0.027319843467348667 0.06567102669726292 0.00025879917184265007 0.00013990362194932378
0 1.0 0.026790901062819512 0.08014803774227124 0.00025879917184265007 0.00013990362194932378
0 1.0 0.027417985884882964 0.06061253847693258 0.00025879917184265007 0.00013990362194932378
0 1.0 0.0542174564755177 -0.8543213950864581 0.00025879917184265007 0.00013990362194932378
0 1.0 -0.018531362622851218 1.4229110969591483 0.00025879917184265007 0.00013990362194932378
0 1.0 -0.00040060107598692535 0.8871510542748122 0.00025879917184265007 0.00013990362194932378
0 1.0 0.024391828070252728 0.15618818330637185 0.00025879917184265007 0.00013990362194932378
0 1.0 0.02564825736171554 0.11959866387434742 0.00025879917184265007 0.00013990362194932378
0 1.0 0.025885531414801998 0.1126888360933352 0.00025879917184265007 0.00013990362194932378
0 1.0 0.02609982970550766 0.10644810195793426 0.00025879917184265007 0.00013990362194932378
0 1.0 0.026471671913871824 0.09561949300383331 0.00025879917184265007 0.00013990362194932378
0 1.0 0.026634013293545245 0.09089189620141463 0.00025879917184265007 0.00013990362194932378
0 1.0 0.026920727124971754 0.08254240825577776 0.00025879917184265007 0.00013990362194932378
0 1.0 0.027047948249583387 0.07883755997172323 0.00025879917184265007 0.00013990362194932378
0 1.0 0.0272757507538229 0.07220341160455192 0.00025879917184265007 0.00013990362194932378
0 1.0 0.027378128405416615 0.06922173104770517 0.00025879917184265007 0.00013990362194932378
0 1.0 0.007547380382717353 0.6522899385647493 0.00025879917184265007 0.00013990362194932378
0 1.0 0.027473914288883336 0.06643203132411175 0.00025879917184265007 0.00013990362194932378
0 1.0 0.027649441365111466 0.06132090513076313 0.00025879917184265007 0.00013990362194932378
0 1.0 0.02773299893249736 0.058888144517910926 0.00025879917184265007 0.00013990362194932378
0 1.0 0.02795903850617064 0.05230705092002353 0.00025879917184265007 0.00013990362194932378
0 1.0 0.028154996046166756 0.04660140489032701 0.00025879917184265007 0.00013990362194932378
0 1.0 0.02846040152878135 0.037706126750946936 0.00025879917184265007 0.00013990362194932378
0 1.0 0.028644806536595683 0.03233602765131617 0.00025879917184265007 0.00013990362194932378
0 1.0 0.028740172261850824 0.02955886123160653 0.00025879917184265007 0.00013990362194932378
0 1.0 0.012232049845930104 0.5138589793860388 0.00025879917184265007 0.00013990362194932378
0 1.0 0.015309552152119819 0.42291945857972735 0.00025879917184265007 0.00013990362194932378
0 1.0 0.01749119388734505 0.35845242192685384 0.00025879917184265007 0.00013990362194932378
0 1.0 0.02133812437693726 0.2451157934436181 0.00025879917184265007 0.00013990362194932378
0 1.0 0.02217733676852146 0.22067689567350743 0.00025879917184265007 0.00013990362194932378
0 1.0 0.022872997361839276 0.2004184029566695 0.00025879917184265007 0.00013990362194932378
0 1.0 0.023459046962174677 0.18335191726789857 0.00025879917184265007 0.00013990362194932378
0 1.0 0.02395949899775119 0.16877813802089447 0.00025879917184265007 0.00013990362194932378
0 1.0 0.024769061548930264 0.14520268009727283 0.00025879917184265007 0.00013990362194932378
0 1.0 0.028322072244633286 0.03824468913250748 0.00025879917184265007 0.00013990362194932378
0 1.0 0.028127594103711413 0.04356694392486408 0.00025879917184265007 0.00013990362194932378
0 1.0 0.027714751375280743 0.0548620382311816 0.00025879917184265007 0.00013990362194932378
0 1.0 0.02794981635591103 0.04842810119123523 0.00025879917184265007 0.00013990362194932378
0 1.0 0.02784982178303716 0.0511650413534055 0.00025879917184265007 0.00013990362194932378
0 1.0 0.02854212434084716 0.030772109321504718 0.00025879917184265007 0.00013990362194932378
0 1.0 0.027965679480814395 0.04607665322618935 0.00025879917184265007 0.00013990362194932378
0 1.0 0.02509603044514144 0.1265328108590766 0.00025879917184265007 0.00013990362194932378
0 1.0 0.024847209392165958 0.12886048780838902 0.00025879917184265007 0.00013990362194932378
0 1.0 0.022403673237702697 0.19373018701301117 0.00025879917184265007 0.00013990362194932378
0 1.0 0.02629433599412494 0.10078375074782889 0.00025879917184265007 0.00013990362194932378
0 1.0 0.026783185063717352 0.08654781593613926 0.00025879917184265007 0.00013990362194932378
0 1.0 0.027165971641935377 0.0754005618790841 0.00025879917184265007 0.00013990362194932378
0 1.0 0.02756446989447749 0.0637948312327503 0.00025879917184265007 0.00013990362194932378
0 1.0 0.027842824018321666 0.055690610752206424 0.00025879917184265007 0.00013990362194932378
0 1.0 0.028333539132797264 0.04140051469911499 0.00025879917184265007 0.00013990362194932378
0 1.0 0.028444994072837137 0.03488070546759764 0.00025879917184265007 0.00013990362194932378
0 1.0 0.028383159691059718 0.03657291793521623 0.00025879917184265007 0.00013990362194932378
0 1.0 0.6713457150207317 -35.94495740225489 0.00025879917184265007 0.00013990362194932378
0 1.0 0.008318350763102585 1.8813491310365313 0.00025879917184265007 0.00013990362194932378
0 1.0 0.01668800282927217 1.3667265401957112 0.00025879917184265007 0.00013990362194932378
0 1.0 0.024126471489795617 0.9093593780122438 0.00025879917184265007 0.00013990362194932378
0 1.0 0.06252831440704325 -1.2325942606352789 0.00025879917184265007 0.00013990362194932378
0 1.0 0.0517729526340361 -0.7103514578389643 0.00025879917184265007 0.00013990362194932378
0 1.0 0.06388318004752323 -1.4116871186653295 0.00025879917184265007 0.00013990362194932378
0 1.0 0.10948238230586935 -4.003928591422159 0.00025879917184265007 0.00013990362194932378
0 1.0 0.003568614655025386 2.0159802714397204 0.00025879917184265007 0.00013990362194932378
0 1.0 0.020025847327876427 1.0792932836646911 0.00025879917184265007 0.00013990362194932378
0 1.0 0.07599146782174386 -2.100023847772562 0.00025879917184265007 0.00013990362194932378
0 1.0 0.02329404939499055 0.8932788782941429 0.00025879917184265007 0.00013990362194932378
0 1.0 0.028825491277592256 0.5784685467048938 0.00025879917184265007 0.00013990362194932378
0 1.0 0.03435038965083191 0.2494868872157453 0.00025879917184265007 0.00013990362194932378
0 1.0 0.033791485102445985 0.2790423173768326 0.00025879917184265007 0.00013990362194932378
0 1.0 0.03351918110825723 0.2934417312343704 0.00025879917184265007 0.00013990362194932378
0 1.0 0.030631797899536174 0.446160418519829 0.00025879917184265007 0.00013990362194932378
0 1.0 0.0298223506061842 0.48897542141747724 0.00025879917184265007 0.00013990362194932378
0 1.0 0.028610910772115344 0.5530509554679293 0.00025879917184265007 0.00013990362194932378
0 1.0 0.026233048027786487 0.6787885515780979 0.00025879917184265007 0.00013990362194932378
0 1.0 0.11821877579304757 -3.88837647801705 0.00025879917184265007 0.00013990362194932378
0 1.0 0.02975695543111895 0.5254512948105683 0.00025879917184265007 0.00013990362194932378
0 1.0 0.03051608589975907 0.48224296400774685 0.00025879917184265007 0.00013990362194932378
0 1.0 0.03287126809591157 0.34819026076878135 0.00025879917184265007 0.00013990362194932378
0 1.0 0.03317423320774589 0.3309484446239006 0.00025879917184265007 0.00013990362194932378
0 1.0 0.03368431584102177 0.3019550180050501 0.00025879917184265007 0.00013990362194932378
0 1.0 0.03458977941808483 0.25044484123725297 0.00025879917184265007 0.00013990362194932378
0 1.0 0.03523957396411018 0.20246571993449 0.00025879917184265007 0.00013990362194932378
0 1.0 0.03495016881978064 0.2177698222452964 0.00025879917184265007 0.00013990362194932378
0 1.0 0.02677740773737781 0.6950185451061461 0.00025879917184265007 0.00013990362194932378
0 1.0 0.031146653980183837 0.4463521713993263 0.00025879917184265007 0.00013990362194932378
0 1.0 0.010504207001921301 1.5104612925953271 0.00025879917184265007 0.00013990362194932378
0 1.0 0.06268769587273705 -1.1452267434714574 0.00025879917184265007 0.00013990362194932378
0 1.0 0.03252743943746279 0.36776036502287157 0.00025879917184265007 0.00013990362194932378
0 1.0 0.03344337558552898 0.315650217883338 0.00025879917184265007 0.00013990362194932378
0 1.0 0.034107402130369016 0.27789947363079104 0.00025879917184265007 0.00013990362194932378
0 1.0 0.03516899947079652 0.21747837696305805 0.00025879917184265007 0.00013990362194932378
0 1.0 0.03456887356151157 0.2379331875396286 0.00025879917184265007 0.00013990362194932378
0 1.0 0.03408355266451285 0.2635975573919602 0.00025879917184265007 0.00013990362194932378
0 1.0 0.03216746025768689 0.3649329082742146 0.00025879917184265007 0.00013990362194932378
0 1.0 0.021784153153603384 0.914026773416876 0.00025879917184265007 0.00013990362194932378
0 1.0 0.028549380585611114 0.032023975064709054 0.00025879917184265007 0.00013990362194932378
0 1.0 0.02849950660087279 0.03338886909870831 0.00025879917184265007 0.00013990362194932378
0 1.0 0.028265025093944393 0.0398058901482361 0.00025879917184265007 0.00013990362194932378
0 1.0 0.028193562965477124 0.041761583749090385 0.00025879917184265007 0.00013990362194932378
0 1.0 0.028044600815060505 0.045835365094770625 0.00025879917184265007 0.00013990362194932378
0 1.0 0.02708559399918879 0.07208268680790038 0.00025879917184265007 0.00013990362194932378
0 1.0 0.02640819523664616 0.09062171145881726 0.00025879917184265007 0.00013990362194932378
0 1.0 0.02584314621444913 0.10608569682293997 0.00025879917184265007 0.00013990362194932378
0 1.0 0.027750845663511894 0.05177791209150417 0.00025879917184265007 0.00013990362194932378
0 1.0 0.02430182735525578 0.1482684797513791 0.00025879917184265007 0.00013990362194932378
0 1.0 0.023266121790023225 0.1766129914043742 0.00025879917184265007 0.00013990362194932378
0 1.0 0.02160537982869689 0.222063089825794 0.00025879917184265007 0.00013990362194932378
0 1.0 0.019995412407390147 0.26616332116046476 0.00025879917184265007 0.00013990362194932378
0 1.0 0.017167308635761633 0.34432927274720426 0.00025879917184265007 0.00013990362194932378
0 1.0 0.007823300787746961 0.6034617122241636 0.00025879917184265007 0.00013990362194932378
0 1.0 -0.17133158764988787 5.401145360168608 0.00025879917184265007 0.00013990362194932378
0 1.0 0.02678632972685492 0.08329214943416517 0.00025879917184265007 0.00013990362194932378
0 1.0 0.028547463548952857 0.03359034254142107 0.00025879917184265007 0.00013990362194932378
0 1.0 0.028708647452054196 0.029040861660689955 0.00025879917184265007 0.00013990362194932378
0 1.0 0.028687854147448393 0.02823438938371878 0.00025879917184265007 0.00013990362194932378
0 1.0 0.028644065027030347 0.0294327598272724 0.00025879917184265007 0.00013990362194932378
0 1.0 0.028598616249744892 0.030676549857183596 0.00025879917184265007 0.00013990362194932378
0 1.0 -0.444571131500914 14.475896243660594 0.00025879917184265007 0.00013990362194932378
0 1.0 -0.041974970035728275 2.186145403145402 0.00025879917184265007 0.00013990362194932378
0 1.0 -0.008854091414401435 1.1750892013334724 0.00025879917184265007 0.00013990362194932378
0 1.0 0.0034314022800377964 0.8000591565663019 0.00025879917184265007 0.00013990362194932378
0 1.0 0.009837715019926592 0.6044984560044333 0.00025879917184265007 0.00013990362194932378
0 1.0 0.013770181509261747 0.48445500311427564 0.00025879917184265007 0.00013990362194932378
0 1.0 0.016429877618446064 0.40326445630328883 0.00025879917184265007 0.00013990362194932378
0 1.0 0.01834863042339134 0.3446921296037549 0.00025879917184265007 0.00013990362194932378
0 1.0 0.032133831924267234 0.3901637914946014 0.00025879917184265007 0.00013990362194932378
0 1.0 0.031678773974458084 0.4160648654760351 0.00025879917184265007 0.00013990362194932378
0 1.0 0.07975992432777024 -2.1450549548119127 0.00025879917184265007 0.00013990362194932378
0 1.0 0.033901838639996185 0.28959088149350504 0.00025879917184265007 0.00013990362194932378
0 1.0 0.035421400055388165 0.19981158339701105 0.00025879917184265007 0.00013990362194932378
0 1.0 0.035111465798442834 0.20924023833071528 0.00025879917184265007 0.00013990362194932378
0 1.0 0.03475409582180936 0.22813840511306493 0.00025879917184265007 0.00013990362194932378
0 1.0 -0.0630589373347744 5.395133328682101 0.00025879917184265007 0.00013990362194932378
0 1.0 0.03318065291543155 0.31134307552226476 0.00025879917184265007 0.00013990362194932378
0 1.0 0.03274972735954509 0.3341344018637117 0.00025879917184265007 0.00013990362194932378
0 1.0 0.0314256126346693 0.4041722860446697 0.00025879917184265007 0.00013990362194932378
0 1.0 0.04064622955310039 -0.29103105853843114 0.00025879917184265007 0.00013990362194932378
0 1.0 0.03961396505250914 -0.26375811089023415 0.00025879917184265007 0.00013990362194932378
0 1.0 0.03876838411348028 -0.24141743689704778 0.00025879917184265007 0.00013990362194932378
0 1.0 0.03806304239810146 -0.2227819537756208 0.00025879917184265007 0.00013990362194932378
0 1.0 0.03746571661894661 -0.20700030605405517 0.00025879917184265007 0.00013990362194932378
