0 1.0 0.06314150911864735 -1.3695243165602071 0.00025879917184265007 0.00013990362194932378
0 1.0 0.08308070763434922 -2.7103105574825825 0.00025879917184265007 0.00013990362194932378
0 1.0 0.08594009762898489 -3.140022996502212 0.00025879917184265007 0.00013990362194932378
0 1.0 0.02821172318837048 0.0395464739286214 0.00025879917184265007 0.00013990362194932378
0 1.0 0.027996467443402895 0.047151219543603594 0.00025879917184265007 0.00013990362194932378
0 1.0 0.02754634930275111 0.05947135234146266 0.00025879917184265007 0.00013990362194932378
0 1.0 0.024175385956007888 0.1517288451628541 0.00025879917184265007 0.00013990362194932378
0 1.0 0.023387009374466732 0.17330461915941853 0.00025879917184265007 0.00013990362194932378
0 1.0 0.021285077052900867 0.23082892643592934 0.00025879917184265007 0.00013990362194932378
0 1.0 0.013655155119524911 0.4417299730980037 0.00025879917184265007 0.00013990362194932378
0 1.0 0.05613093135883273 -0.967016189915891 0.00025879917184265007 0.00013990362194932378
0 1.0 -0.018531362622851218 1.4229110969591483 0.00025879917184265007 0.00013990362194932378
0 1.0 -0.00040060107598692535 0.8871510542748122 0.00025879917184265007 0.00013990362194932378
0 1.0 0.024391828070252728 0.15618818330637185 0.00025879917184265007 0.00013990362194932378
0 1.0 0.02564825736171554 0.11959866387434742 0.00025879917184265007 0.00013990362194932378
0 1.0 0.02588556356587455 0.11268789979890453 0.00025879917184265007 0.00013990362194932378
0 1.0 0.02610011136031814 0.1064398996863046 0.00025879917184265007 0.00013990362194932378
0 1.0 0.026497929216305127 0.09485484544894916 0.00025879917184265007 0.00013990362194932378
0 1.0 0.02674181869691384 0.08775245953237705 0.00025879917184265007 0.00013990362194932378
0 1.0 0.027319203142249865 0.07093788988468079 0.00025879917184265007 0.00013990362194932378
0 1.0 0.02778350549715001 0.05741765674497209 0.00025879917184265007 0.00013990362194932378
0 1.0 0.028167674701592142 0.046231988088774816 0.00025879917184265007 0.00013990362194932378
0 1.0 0.02837114568481941 0.0403053659634708 0.00025879917184265007 0.00013990362194932378
0 1.0 0.007547380382717353 0.6522899385647493 0.00025879917184265007 0.00013990362194932378
0 1.0 0.02857222442633415 0.03444970736958718 0.00025879917184265007 0.00013990362194932378
0 1.0 0.02871585838417862 0.030266911051639027 0.00025879917184265007 0.00013990362194932378
0 1.0 0.02875975361255095 0.028988628378331 0.00025879917184265007 0.00013990362194932378
0 1.0 0.012232049845930104 0.5138589793860388 0.00025879917184265007 0.00013990362194932378
0 1.0 0.015309552152119819 0.42291945857972735 0.00025879917184265007 0.00013990362194932378
0 1.0 0.01749119388734505 0.35845242192685384 0.00025879917184265007 0.00013990362194932378
0 1.0 0.02133812437693726 0.2451157934436181 0.00025879917184265007 0.00013990362194932378
0 1.0 0.02217733676852146 0.22067689567350743 0.00025879917184265007 0.00013990362194932378
0 1.0 0.022872997361839276 0.2004184029566695 0.00025879917184265007 0.00013990362194932378
0 1.0 0.023459046962174677 0.18335191726789857 0.00025879917184265007 0.00013990362194932378
0 1.0 0.02395949899775119 0.16877813802089447 0.00025879917184265007 0.00013990362194932378
0 1.0 0.02476908073722924 0.1452021213103891 0.00025879917184265007 0.00013990362194932378
0 1.0 0.027885594554294586 0.05018590887098502 0.00025879917184265007 0.00013990362194932378
0 1.0 0.026897552105843384 0.07722927312002734 0.00025879917184265007 0.00013990362194932378
0 1.0 0.025363448510403848 0.1192139538831267 0.00025879917184265007 0.00013990362194932378
0 1.0 0.02571229693471545 0.10966674998620886 0.00025879917184265007 0.00013990362194932378
0 1.0 0.024739425465903474 0.13172220865331657 0.00025879917184265007 0.00013990362194932378
0 1.0 0.022616239731256444 0.18808714177983188 0.00025879917184265007 0.00013990362194932378
0 1.0 0.020642562062318896 0.24048275773665287 0.00025879917184265007 0.00013990362194932378
0 1.0 0.026296461919002305 0.10072184098906888 0.00025879917184265007 0.00013990362194932378
0 1.0 0.027012672259942024 0.07986484368808779 0.00025879917184265007 0.00013990362194932378
0 1.0 0.028002108429644436 0.05105307935642213 0.00025879917184265007 0.00013990362194932378
0 1.0 0.028589306787930795 0.03240930019131542 0.00025879917184265007 0.00013990362194932378
0 1.0 0.028676448478424613 0.0285465266570086 0.00025879917184265007 0.00013990362194932378
0 1.0 0.028632103299042214 0.029760114684779394 0.00025879917184265007 0.00013990362194932378
0 1.0 0.02814235953074755 0.04316286064624089 0.00025879917184265007 0.00013990362194932378
0 1.0 0.02806955415025796 0.04515334930980418 0.00025879917184265007 0.00013990362194932378
0 1.0 -0.10178616364645986 8.64855013164356 0.00025879917184265007 0.00013990362194932378
0 1.0 0.008318350763102585 1.8813491310365313 0.00025879917184265007 0.00013990362194932378
0 1.0 0.016688365599879997 1.3667042346149474 0.00025879917184265007 0.00013990362194932378
0 1.0 0.024126471489795617 0.9093593780122438 0.00025879917184265007 0.00013990362194932378
0 1.0 -0.24589928892943766 15.04827480310099 0.00025879917184265007 0.00013990362194932378
0 1.0 0.05539583184263452 -0.8463815416292115 0.00025879917184265007 0.00013990362194932378
0 1.0 0.051858884929036515 -0.715412471411047 0.00025879917184265007 0.00013990362194932378
0 1.0 0.07616792138492551 -2.1100549496743897 0.00025879917184265007 0.00013990362194932378
0 1.0 -0.04766464925062766 4.929627969796295 0.00025879917184265007 0.00013990362194932378
0 1.0 0.003568614655025386 2.0159802714397204 0.00025879917184265007 0.00013990362194932378
0 1.0 0.020025847327876427 1.0792932836646911 0.00025879917184265007 0.00013990362194932378
0 1.0 0.14419535430674305 -5.977305343793774 0.00025879917184265007 0.00013990362194932378
0 1.0 0.02329404939499055 0.8932788782941429 0.00025879917184265007 0.00013990362194932378
0 1.0 0.028827706577189593 0.5783424558657264 0.00025879917184265007 0.00013990362194932378
0 1.0 0.03298728328464749 0.32156909006991535 0.00025879917184265007 0.00013990362194932378
0 1.0 0.03194339647429952 0.37678456509458913 0.00025879917184265007 0.00013990362194932378
0 1.0 0.031195273269668613 0.4163558842368482 0.00025879917184265007 0.00013990362194932378
0 1.0 0.08643688743496072 -2.497568330174864 0.00025879917184265007 0.00013990362194932378
0 1.0 0.029778870966732634 0.5242039022323037 0.00025879917184265007 0.00013990362194932378
0 1.0 0.030613093223562583 0.4767214829048916 0.00025879917184265007 0.00013990362194932378
0 1.0 0.033194694745970664 0.3297853975638202 0.00025879917184265007 0.00013990362194932378
0 1.0 0.034382020398831294 0.2622695014053511 0.00025879917184265007 0.00013990362194932378
0 1.0 0.03543607600409365 0.2022776446123801 0.00025879917184265007 0.00013990362194932378
0 1.0 0.03497311319148519 0.21655649546481712 0.00025879917184265007 0.00013990362194932378
0 1.0 0.034458321268147865 0.24377932967456625 0.00025879917184265007 0.00013990362194932378
0 1.0 0.03396462959179916 0.2698863567018096 0.00025879917184265007 0.00013990362194932378
0 1.0 0.02677740773737781 0.6950185451061461 0.00025879917184265007 0.00013990362194932378
0 1.0 0.031350687382420216 0.4347389598331452 0.00025879917184265007 0.00013990362194932378
0 1.0 0.03287135606228418 0.34818525388223615 0.00025879917184265007 0.00013990362194932378
0 1.0 0.035189036558360136 0.2163379607633215 0.00025879917184265007 0.00013990362194932378
0 1.0 0.035138454765337813 0.20781302834942528 0.00025879917184265007 0.00013990362194932378
0 1.0 0.034835591437940266 0.22382881604187196 0.00025879917184265007 0.00013990362194932378
0 1.0 0.03336316323647048 0.3016919440589103 0.00025879917184265007 0.00013990362194932378
0 1.0 0.032485010780771435 0.34813635255319464 0.00025879917184265007 0.00013990362194932378
0 1.0 0.020903933557805128 0.960568959375191 0.00025879917184265007 0.00013990362194932378
0 1.0 0.028294100999825465 0.03901017409149 0.00025879917184265007 0.00013990362194932378
0 1.0 0.028217035496983376 0.04111921441798865 0.00025879917184265007 0.00013990362194932378
0 1.0 0.02775265492164149 0.053824584544027186 0.00025879917184265007 0.00013990362194932378
0 1.0 0.027267259516025617 0.06711030605104827 0.00025879917184265007 0.00013990362194932378
0 1.0 0.026360145873692026 0.09193669888637086 0.00025879917184265007 0.00013990362194932378
0 1.0 0.022494980501848498 0.1977170811790258 0.00025879917184265007 0.00013990362194932378
0 1.0 0.019685451242315813 0.2747014743322427 0.00025879917184265007 0.00013990362194932378
0 1.0 0.01774528777446902 0.32830048225214226 0.00025879917184265007 0.00013990362194932378
0 1.0 0.010126508393395364 0.5225791554818887 0.00025879917184265007 0.00013990362194932378
0 1.0 -0.03423236148107973 1.7151833333417188 0.00025879917184265007 0.00013990362194932378
0 1.0 0.02762637601088651 0.05958539797161076 0.00025879917184265007 0.00013990362194932378
0 1.0 0.26676364666586116 -6.3772026505881945 0.00025879917184265007 0.00013990362194932378
0 1.0 0.028287991705610006 0.04091404030318961 0.00025879917184265007 0.00013990362194932378
0 1.0 0.02871341301756506 0.028906351645977338 0.00025879917184265007 0.00013990362194932378
0 1.0 0.02858278691928329 0.031109748824994007 0.00025879917184265007 0.00013990362194932378
0 1.0 0.028529748638620955 0.03256123968198896 0.00025879917184265007 0.00013990362194932378
0 1.0 0.02847885416525749 0.033954061278694846 0.00025879917184265007 0.00013990362194932378
0 1.0 0.028433302132228156 0.03520067709342207 0.00025879917184265007 0.00013990362194932378
0 1.0 0.028368219655029184 0.03698177971260971 0.00025879917184265007 0.00013990362194932378
0 1.0 -0.444571131500914 14.475896243660594 0.00025879917184265007 0.00013990362194932378
0 1.0 -0.041974970035728275 2.186145403145402 0.00025879917184265007 0.00013990362194932378
0 1.0 -0.008854091414401435 1.1750892013334724 0.00025879917184265007 0.00013990362194932378
0 1.0 0.0034314022800377964 0.8000591565663019 0.00025879917184265007 0.00013990362194932378
0 1.0 0.009837715019926592 0.6044984560044333 0.00025879917184265007 0.00013990362194932378
0 1.0 0.013770181509261747 0.48445500311427564 0.00025879917184265007 0.00013990362194932378
0 1.0 0.016429877618446064 0.40326445630328883 0.00025879917184265007 0.00013990362194932378
0 1.0 0.01834863042339134 0.3446921296037549 0.00025879917184265007 0.00013990362194932378
0 1.0 0.03251663423244946 0.3683753777142272 0.00025879917184265007 0.00013990362194932378
0 1.0 0.03204842659859704 0.3950249078854281 0.00025879917184265007 0.00013990362194932378
0 1.0 0.06603264751687676 -1.3133781801481994 0.00025879917184265007 0.00013990362194932378
0 1.0 0.035267288300221016 0.20100015153107037 0.00025879917184265007 0.00013990362194932378
0 1.0 0.034665146652540224 0.2328421473015792 0.00025879917184265007 0.00013990362194932378
0 1.0 0.034231035724216256 0.25579847061331795 0.00025879917184265007 0.00013990362194932378
0 1.0 0.03366294908758144 0.28583929176256356 0.00025879917184265007 0.00013990362194932378
0 1.0 0.0635887051350548 -1.28924685050017 0.00025879917184265007 0.00013990362194932378
0 1.0 0.029876398645232585 0.48611659791225836 0.00025879917184265007 0.00013990362194932378
0 1.0 0.02718022595161146 0.6287059002979953 0.00025879917184265007 0.00013990362194932378
0 1.0 0.08453764926047466 -2.230836362554079 0.00025879917184265007 0.00013990362194932378
0 1.0 0.04064622955310039 -0.29103105853843114 0.00025879917184265007 0.00013990362194932378
0 1.0 0.03961396505250914 -0.26375811089023415 0.00025879917184265007 0.00013990362194932378
0 1.0 0.03876838411348028 -0.24141743689704778 0.00025879917184265007 0.00013990362194932378
0 1.0 0.03806304239810146 -0.2227819537756208 0.00025879917184265007 0.00013990362194932378
0 1.0 0.03746571661894661 -0.20700030605405517 0.00025879917184265007 0.00013990362194932378
