0 1.0 0.06087723425616443 -1.2408039242385493 0.00025879917184265007 0.00013990362194932378
0 1.0 0.06735364483607034 -1.7439129729139073 0.00025879917184265007 0.00013990362194932378
0 1.0 0.08586629961887791 -2.8814797961364267 0.00025879917184265007 0.00013990362194932378
0 1.0 0.1674583775311774 -7.895155141987645 0.00025879917184265007 0.00013990362194932378
0 1.0 0.09135703862492865 -3.501594098423255 0.00025879917184265007 0.00013990362194932378
0 1.0 0.027550782910195207 0.06419332483796615 0.00025879917184265007 0.00013990362194932378
0 1.0 0.02816657672657586 0.046263979684499 0.00025879917184265007 0.00013990362194932378
0 1.0 0.028403475544805136 0.03936388094601755 0.00025879917184265007 0.00013990362194932378
0 1.0 0.028666245410744928 0.03171170144602231 0.00025879917184265007 0.00013990362194932378
0 1.0 0.027395055994112183 0.06361238440731087 0.00025879917184265007 0.00013990362194932378
0 1.0 0.026771675262007497 0.08067419844031366 0.00025879917184265007 0.00013990362194932378
0 1.0 0.02502334333493521 0.12418403749710027 0.00025879917184265007 0.00013990362194932378
0 1.0 0.022478074848117563 0.19175503257557694 0.00025879917184265007 0.00013990362194932378
0 1.0 0.020766823624877362 0.23718396117403373 0.00025879917184265007 0.00013990362194932378
0 1.0 0.06984708049273752 -1.7507252883659379 0.00025879917184265007 0.00013990362194932378
0 1.0 0.09039994226117591 -2.9191224975568586 0.00025879917184265007 0.00013990362194932378
0 1.0 0.1859296473051991 -8.349832927365268 0.00025879917184265007 0.00013990362194932378
0 1.0 0.0036781009902421575 2.0097486997304563 0.00025879917184265007 0.00013990362194932378
0 1.0 0.014285887320388099 1.4059913352899096 0.00025879917184265007 0.00013990362194932378
0 1.0 0.03392933237166089 0.2717529174000796 0.00025879917184265007 0.00013990362194932378
0 1.0 0.031171980571894704 0.4175879310061375 0.00025879917184265007 0.00013990362194932378
0 1.0 0.024702333377630274 0.7597260883436592 0.00025879917184265007 0.00013990362194932378
0 1.0 0.00016415371873499863 2.056804600820627 0.00025879917184265007 0.00013990362194932378
0 1.0 0.03313541936570646 0.3137350220843332 0.00025879917184265007 0.00013990362194932378
0 1.0 -1.7232682806853938 86.73622496656188 0.00025879917184265007 0.00013990362194932378
0 1.0 0.07553914593998486 -1.9222169950611847 0.00025879917184265007 0.00013990362194932378
0 1.0 0.061643038270334086 -1.0927115817090736 0.00025879917184265007 0.00013990362194932378
0 1.0 0.026517676269413055 0.08762549729919387 0.00025879917184265007 0.00013990362194932378
0 1.0 0.025263504923691157 0.12194918710775204 0.00025879917184265007 0.00013990362194932378
0 1.0 0.022067539969659416 0.20941499374443281 0.00025879917184265007 0.00013990362194932378
0 1.0 0.011135094891886847 0.495462944558623 0.00025879917184265007 0.00013990362194932378
0 1.0 -0.19628312959678704 6.071976543517563 0.00025879917184265007 0.00013990362194932378
0 1.0 -0.444571131500914 14.475896243660594 0.00025879917184265007 0.00013990362194932378
0 1.0 -0.04134096743227632 2.166791681539344 0.00025879917184265007 0.00013990362194932378
0 1.0 0.0016231698370741303 0.8552577111299715 0.00025879917184265007 0.00013990362194932378
0 1.0 0.018078877128449664 0.35292668596707427 0.00025879917184265007 0.00013990362194932378
0 1.0 0.019604788574194155 0.3063463325810866 0.00025879917184265007 0.00013990362194932378
0 1.0 0.1728272045706806 -7.058585337950927 0.00025879917184265007 0.00013990362194932378
0 1.0 0.07745304956761237 -1.8821444714468278 0.00025879917184265007 0.00013990362194932378
0 1.0 0.04064619945293177 -0.2910302632768267 0.00025879917184265007 0.00013990362194932378
0 1.0 0.039516546534060275 -0.2611842646017107 0.00025879917184265007 0.00013990362194932378
0 1.0 0.037909461175456335 -0.21872426057533387 0.00025879917184265007 0.00013990362194932378
0 1.0 0.03720731909020687 -0.2001733132923104 0.00025879917184265007 0.00013990362194932378
