0 1.0 0.02777754680802922 0.051069221372410295 0.00025879917184265007 0.00013990362194932378
0 1.0 0.027128177776295812 0.07091712298749059 0.00025879917184265007 0.00013990362194932378
0 1.0 -0.003215351786057573 0.9095908397372934 0.00025879917184265007 0.00013990362194932378
0 1.0 0.17857386184979762 -4.1318735047159425 0.00025879917184265007 0.00013990362194932378
0 1.0 0.05255054314966928 -0.6788861857268236 0.00025879917184265007 0.00013990362194932378
0 1.0 0.05452234667062999 -0.8722780133223682 0.00025879917184265007 0.00013990362194932378
0 1.0 0.06463382609518718 -1.4543601418706766 0.00025879917184265007 0.00013990362194932378
0 1.0 0.07366853268305798 -2.1319506148071428 0.00025879917184265007 0.00013990362194932378
0 1.0 0.14045540230521764 -6.235874552264872 0.00025879917184265007 0.00013990362194932378
0 1.0 0.09218811196960636 -3.5570667545288814 0.00025879917184265007 0.00013990362194932378
0 1.0 -0.018531362622851218 1.4229110969591483 0.00025879917184265007 0.00013990362194932378
0 1.0 -0.00040060107598692535 0.8871510542748122 0.00025879917184265007 0.00013990362194932378
0 1.0 0.02783029552793154 0.056055375056782424 0.00025879917184265007 0.00013990362194932378
0 1.0 0.028184070990646726 0.045754250942630234 0.00025879917184265007 0.00013990362194932378
0 1.0 0.02848527172699399 0.036981876197166974 0.00025879917184265007 0.00013990362194932378
0 1.0 0.028649913160688722 0.03218731651939417 0.00025879917184265007 0.00013990362194932378
0 1.0 0.02874286586338016 0.02948042026452631 0.00025879917184265007 0.00013990362194932378
0 1.0 0.007547380382717353 0.6522899385647493 0.00025879917184265007 0.00013990362194932378
0 1.0 0.012232049845930104 0.5138589793860388 0.00025879917184265007 0.00013990362194932378
0 1.0 0.015309552152119819 0.42291945857972735 0.00025879917184265007 0.00013990362194932378
0 1.0 0.02326484220146382 0.1890073989327034 0.00025879917184265007 0.00013990362194932378
0 1.0 0.024593903791591553 0.15030348958027115 0.00025879917184265007 0.00013990362194932378
0 1.0 0.02550472079482011 0.12377887733998451 0.00025879917184265007 0.00013990362194932378
0 1.0 0.02685590021097871 0.08443025417602736 0.00025879917184265007 0.00013990362194932378
0 1.0 0.02727973959656962 0.07208723923023895 0.00025879917184265007 0.00013990362194932378
0 1.0 0.027615081032779702 0.05990424573260087 0.00025879917184265007 0.00013990362194932378
0 1.0 0.027859079887534503 0.05301636265863048 0.00025879917184265007 0.00013990362194932378
0 1.0 0.028711314752570532 0.028965576024415116 0.00025879917184265007 0.00013990362194932378
0 1.0 0.02868183045589229 0.028399238868088223 0.00025879917184265007 0.00013990362194932378
0 1.0 0.028589639407538423 0.030922217782777237 0.00025879917184265007 0.00013990362194932378
0 1.0 0.02848611757103796 0.03375528471675988 0.00025879917184265007 0.00013990362194932378
0 1.0 0.028362628095612224 0.03713480310003305 0.00025879917184265007 0.00013990362194932378
0 1.0 0.028293621952098127 0.03902328412046561 0.00025879917184265007 0.00013990362194932378
0 1.0 0.024695936279597052 0.13748276480155916 0.00025879917184265007 0.00013990362194932378
0 1.0 0.02281473381725147 0.1889662818410992 0.00025879917184265007 0.00013990362194932378
0 1.0 0.06877764162112508 -1.5652402270743013 0.00025879917184265007 0.00013990362194932378
0 1.0 0.007979549720166476 1.9021809014753628 0.00025879917184265007 0.00013990362194932378
0 1.0 0.01665480690840022 1.3687676490338532 0.00025879917184265007 0.00013990362194932378
0 1.0 0.02163597349643951 1.0624919717798356 0.00025879917184265007 0.00013990362194932378
0 1.0 0.025550521020387764 0.8217992198210646 0.00025879917184265007 0.00013990362194932378
0 1.0 0.0564519708568032 -0.9037470126093735 0.00025879917184265007 0.00013990362194932378
0 1.0 0.15512310751875885 -6.598530577510468 0.00025879917184265007 0.00013990362194932378
0 1.0 -0.19054472892792243 13.052131211670158 0.00025879917184265007 0.00013990362194932378
0 1.0 0.003651843446282805 2.011243185483125 0.00025879917184265007 0.00013990362194932378
0 1.0 0.013904836363125072 1.427679396730299 0.00025879917184265007 0.00013990362194932378
0 1.0 0.019439977565643127 1.1126389009822415 0.00025879917184265007 0.00013990362194932378
0 1.0 0.02290457999001991 0.9154460877530115 0.00025879917184265007 0.00013990362194932378
0 1.0 -0.06354860989744132 6.298612766924251 0.00025879917184265007 0.00013990362194932378
0 1.0 0.025299190682465098 0.7791533876989764 0.00025879917184265007 0.00013990362194932378
0 1.0 0.029759145163149488 0.5253266592309758 0.00025879917184265007 0.00013990362194932378
0 1.0 0.10864371714899212 -3.417161722326396 0.00025879917184265007 0.00013990362194932378
0 1.0 0.03090590193943116 0.4600553413391824 0.00025879917184265007 0.00013990362194932378
0 1.0 0.032480056697453144 0.370457304731204 0.00025879917184265007 0.00013990362194932378
0 1.0 0.03505410335008824 0.21227363561344506 0.00025879917184265007 0.00013990362194932378
0 1.0 0.03491181254559185 0.21979814950881643 0.00025879917184265007 0.00013990362194932378
0 1.0 0.034539261077152966 0.23949913237226575 0.00025879917184265007 0.00013990362194932378
0 1.0 0.03378482293361838 0.27939461234196267 0.00025879917184265007 0.00013990362194932378
0 1.0 0.03213521601089835 0.36663843935822854 0.00025879917184265007 0.00013990362194932378
0 1.0 0.019244619133643136 1.0483062931738465 0.00025879917184265007 0.00013990362194932378
0 1.0 0.028824767300410056 0.5785097541743263 0.00025879917184265007 0.00013990362194932378
0 1.0 0.03491952018545826 0.23167755723789757 0.00025879917184265007 0.00013990362194932378
0 1.0 0.035177099807716834 0.20576943066651543 0.00025879917184265007 0.00013990362194932378
0 1.0 0.03473700992621295 0.22904192842425075 0.00025879917184265007 0.00013990362194932378
0 1.0 0.03410753253261669 0.2623294722799601 0.00025879917184265007 0.00013990362194932378
0 1.0 0.03340524150515196 0.29946684851098 0.00025879917184265007 0.00013990362194932378
0 1.0 0.159888130348692 -6.375460891276534 0.00025879917184265007 0.00013990362194932378
0 1.0 0.07530353004211585 -1.775337214493033 0.00025879917184265007 0.00013990362194932378
0 1.0 0.02811626473183655 0.045758220091917934 0.00025879917184265007 0.00013990362194932378
0 1.0 0.028539577934744032 0.03381291719301847 0.00025879917184265007 0.00013990362194932378
0 1.0 0.02667845706121616 0.08322534073489092 0.00025879917184265007 0.00013990362194932378
0 1.0 0.026018287842017384 0.10129247357353002 0.00025879917184265007 0.00013990362194932378
0 1.0 -0.19635642747038193 6.073947183223357 0.00025879917184265007 0.00013990362194932378
0 1.0 0.028634613312712765 0.029691423508364335 0.00025879917184265007 0.00013990362194932378
0 1.0 0.028539904315358407 0.032283310764480086 0.00025879917184265007 0.00013990362194932378
0 1.0 0.028427234220190774 0.035366736753224964 0.00025879917184265007 0.00013990362194932378
0 1.0 0.02821009883109332 0.04130904913720887 0.00025879917184265007 0.00013990362194932378
0 1.0 0.028106443625598505 0.044145099138743205 0.00025879917184265007 0.00013990362194932378
0 1.0 0.027995094108965196 0.04718880892541324 0.00025879917184265007 0.00013990362194932378
0 1.0 0.027680979375914013 0.055786407812120596 0.00025879917184265007 0.00013990362194932378
0 1.0 0.027439487853589684 0.062396244999052435 0.00025879917184265007 0.00013990362194932378
0 1.0 -0.444571131500914 14.475896243660594 0.00025879917184265007 0.00013990362194932378
0 1.0 -0.041974970035728275 2.186145403145402 0.00025879917184265007 0.00013990362194932378
0 1.0 -0.008854091414401435 1.1750892013334724 0.00025879917184265007 0.00013990362194932378
0 1.0 0.0034314022800377964 0.8000591565663019 0.00025879917184265007 0.00013990362194932378
0 1.0 0.009837715019926592 0.6044984560044333 0.00025879917184265007 0.00013990362194932378
0 1.0 0.013770181509261747 0.48445500311427564 0.00025879917184265007 0.00013990362194932378
0 1.0 0.016429877618446064 0.40326445630328883 0.00025879917184265007 0.00013990362194932378
0 1.0 0.01834863042339134 0.3446921296037549 0.00025879917184265007 0.00013990362194932378
0 1.0 0.035298041714286764 0.19937387292306866 0.00025879917184265007 0.00013990362194932378
0 1.0 0.03539768508798151 0.20446267387464312 0.00025879917184265007 0.00013990362194932378
0 1.0 0.034345568226574724 0.24974185009930622 0.00025879917184265007 0.00013990362194932378
0 1.0 0.03283920007798931 0.32940182108802296 0.00025879917184265007 0.00013990362194932378
0 1.0 0.029208333959503088 0.5214532920864756 0.00025879917184265007 0.00013990362194932378
0 1.0 -0.019880575516968868 3.1155116170320345 0.00025879917184265007 0.00013990362194932378
0 1.0 0.061168280248587975 -1.0688453941155238 0.00025879917184265007 0.00013990362194932378
0 1.0 0.04064622955310039 -0.29103105853843114 0.00025879917184265007 0.00013990362194932378
0 1.0 0.03961396505250914 -0.26375811089023415 0.00025879917184265007 0.00013990362194932378
0 1.0 0.03876838411348028 -0.24141743689704778 0.00025879917184265007 0.00013990362194932378
0 1.0 0.03806304239810146 -0.2227819537756208 0.00025879917184265007 0.00013990362194932378
0 1.0 0.03746571661894661 -0.20700030605405517 0.00025879917184265007 0.00013990362194932378
