0 1.0 0.06563204643111067 -1.5111073660670546 0.00025879917184265007 0.00013990362194932378
0 1.0 0.14440773997468742 -6.478738056160441 0.00025879917184265007 0.00013990362194932378
0 1.0 0.08937041431319835 -3.3689904865261835 0.00025879917184265007 0.00013990362194932378
0 1.0 0.027764272929590786 0.051421531156344555 0.00025879917184265007 0.00013990362194932378
0 1.0 0.02770083570980572 0.05524292233946178 0.00025879917184265007 0.00013990362194932378
0 1.0 0.026504016356671913 0.08799933396240271 0.00025879917184265007 0.00013990362194932378
0 1.0 0.02305942525424243 0.1822697268355065 0.00025879917184265007 0.00013990362194932378
0 1.0 0.02199668596719221 0.2113540796835354 0.00025879917184265007 0.00013990362194932378
0 1.0 0.01688665301011655 0.3521125471310958 0.00025879917184265007 0.00013990362194932378
0 1.0 -0.014496168332398416 1.222435772927976 0.00025879917184265007 0.00013990362194932378
0 1.0 0.0581130037579579 -1.0818206536215307 0.00025879917184265007 0.00013990362194932378
0 1.0 -0.018531362622851218 1.4229110969591483 0.00025879917184265007 0.00013990362194932378
0 1.0 -0.00040060107598692535 0.8871510542748122 0.00025879917184265007 0.00013990362194932378
0 1.0 0.02439373799485427 0.15613256395118338 0.00025879917184265007 0.00013990362194932378
0 1.0 0.02564828040804756 0.11959799272559289 0.00025879917184265007 0.00013990362194932378
0 1.0 0.02598797911266279 0.10970538324810797 0.00025879917184265007 0.00013990362194932378
0 1.0 0.026368559149575768 0.09862227378440408 0.00025879917184265007 0.00013990362194932378
0 1.0 0.02719133327442875 0.07466199742360775 0.00025879917184265007 0.00013990362194932378
0 1.0 0.027566228017273264 0.06374364386547869 0.00025879917184265007 0.00013990362194932378
0 1.0 0.028025898755000687 0.050360429147658134 0.00025879917184265007 0.00013990362194932378
0 1.0 0.02835165331194937 0.04087300767363783 0.00025879917184265007 0.00013990362194932378
0 1.0 0.0285541129830916 0.03497713472203606 0.00025879917184265007 0.00013990362194932378
0 1.0 0.02868768874181486 0.03108724544975309 0.00025879917184265007 0.00013990362194932378
0 1.0 0.007547380382717353 0.6522899385647493 0.00025879917184265007 0.00013990362194932378
0 1.0 0.028752233024830993 0.029207637080005063 0.00025879917184265007 0.00013990362194932378
0 1.0 0.012232049845930104 0.5138589793860388 0.00025879917184265007 0.00013990362194932378
0 1.0 0.015309552152119819 0.42291945857972735 0.00025879917184265007 0.00013990362194932378
0 1.0 0.01749119388734505 0.35845242192685384 0.00025879917184265007 0.00013990362194932378
0 1.0 0.02133812437693726 0.2451157934436181 0.00025879917184265007 0.00013990362194932378
0 1.0 0.02217733676852146 0.22067689567350743 0.00025879917184265007 0.00013990362194932378
0 1.0 0.022872997361839276 0.2004184029566695 0.00025879917184265007 0.00013990362194932378
0 1.0 0.02345906746480691 0.18335132020601255 0.00025879917184265007 0.00013990362194932378
0 1.0 0.02395957226117209 0.168776004499903 0.00025879917184265007 0.00013990362194932378
0 1.0 0.024775797005555742 0.1450065353101418 0.00025879917184265007 0.00013990362194932378
0 1.0 0.027506778017754085 0.060554453514499715 0.00025879917184265007 0.00013990362194932378
0 1.0 0.024957288894650088 0.12593781818795782 0.00025879917184265007 0.00013990362194932378
0 1.0 0.024415328960601824 0.14516224214547968 0.00025879917184265007 0.00013990362194932378
0 1.0 0.02314612417988275 0.17402019330659835 0.00025879917184265007 0.00013990362194932378
0 1.0 0.021094324315489767 0.2284897348163135 0.00025879917184265007 0.00013990362194932378
0 1.0 0.0268173962726237 0.08555154005036134 0.00025879917184265007 0.00013990362194932378
0 1.0 0.027792175505791782 0.057165231307077416 0.00025879917184265007 0.00013990362194932378
0 1.0 0.028424789473876794 0.03705286794489805 0.00025879917184265007 0.00013990362194932378
0 1.0 0.028731244164178934 0.02821758973690954 0.00025879917184265007 0.00013990362194932378
0 1.0 0.028616640388124594 0.03018328590260882 0.00025879917184265007 0.00013990362194932378
0 1.0 0.02857066159185507 0.031441580884411194 0.00025879917184265007 0.00013990362194932378
0 1.0 0.028047042801400364 0.04576862158263981 0.00025879917184265007 0.00013990362194932378
0 1.0 0.02795687627605711 0.04823486491416359 0.00025879917184265007 0.00013990362194932378
0 1.0 -0.01184712940229518 3.1212327068840042 0.00025879917184265007 0.00013990362194932378
0 1.0 0.008410028050404389 1.8757121938329766 0.00025879917184265007 0.00013990362194932378
0 1.0 0.016754488493180595 1.362638553700703 0.00025879917184265007 0.00013990362194932378
0 1.0 0.024126471489795617 0.9093593780122438 0.00025879917184265007 0.00013990362194932378
0 1.0 0.07085838738242335 -1.675094168126865 0.00025879917184265007 0.00013990362194932378
0 1.0 0.05177419593878516 -0.7104246827215218 0.00025879917184265007 0.00013990362194932378
0 1.0 0.05423208701168743 -0.8551830658020115 0.00025879917184265007 0.00013990362194932378
0 1.0 0.10091801082517547 -3.5170578164781134 0.00025879917184265007 0.00013990362194932378
0 1.0 -0.012821480883792214 2.948179088055264 0.00025879917184265007 0.00013990362194932378
0 1.0 0.008144088195085487 1.7555606363115526 0.00025879917184265007 0.00013990362194932378
0 1.0 0.020025847327876427 1.0792932836646911 0.00025879917184265007 0.00013990362194932378
0 1.0 -0.21560309961844357 14.47665937283541 0.00025879917184265007 0.00013990362194932378
0 1.0 0.02330662138335349 0.8925633255554692 0.00025879917184265007 0.00013990362194932378
0 1.0 0.029659645606043897 0.5309899937376966 0.00025879917184265007 0.00013990362194932378
0 1.0 0.03234114373912207 0.35574607323011076 0.00025879917184265007 0.00013990362194932378
0 1.0 0.030986311014220596 0.42740875901447195 0.00025879917184265007 0.00013990362194932378
0 1.0 0.026725822310634813 0.6527327895645274 0.00025879917184265007 0.00013990362194932378
0 1.0 0.030515592793742632 0.4822710307087424 0.00025879917184265007 0.00013990362194932378
0 1.0 0.031146241763099755 0.44637563404885594 0.00025879917184265007 0.00013990362194932378
0 1.0 0.034248631131483985 0.26986138724559167 0.00025879917184265007 0.00013990362194932378
0 1.0 0.035297989777575665 0.21013685914052327 0.00025879917184265007 0.00013990362194932378
0 1.0 0.03522580007799235 0.2031941000842377 0.00025879917184265007 0.00013990362194932378
0 1.0 0.03478551268866506 0.22647704230018637 0.00025879917184265007 0.00013990362194932378
0 1.0 0.0341568912702083 0.259719321130836 0.00025879917184265007 0.00013990362194932378
0 1.0 0.03360878661208584 0.28870339921913457 0.00025879917184265007 0.00013990362194932378
0 1.0 0.02810340758031825 0.6195598471637505 0.00025879917184265007 0.00013990362194932378
0 1.0 0.03167842834345727 0.4160845381663522 0.00025879917184265007 0.00013990362194932378
0 1.0 0.033220165256336316 0.3283376372891995 0.00025879917184265007 0.00013990362194932378
0 1.0 0.03536903667789522 0.19782978320761296 0.00025879917184265007 0.00013990362194932378
0 1.0 0.03495031050917201 0.21776232953487126 0.00025879917184265007 0.00013990362194932378
0 1.0 0.034612948136007585 0.23560246947670282 0.00025879917184265007 0.00013990362194932378
0 1.0 0.03281855434670674 0.33049385889202665 0.00025879917184265007 0.00013990362194932378
0 1.0 0.03174939127722298 0.3870462994202356 0.00025879917184265007 0.00013990362194932378
0 1.0 0.09842723398901511 -2.9143807164643403 0.00025879917184265007 0.00013990362194932378
0 1.0 0.02230532728717657 0.20976069981210507 0.00025879917184265007 0.00013990362194932378
0 1.0 0.028199554260856383 0.04159762084614653 0.00025879917184265007 0.00013990362194932378
0 1.0 0.028134712321019703 0.04337214071457812 0.00025879917184265007 0.00013990362194932378
0 1.0 0.027045539719907134 0.07317901554985169 0.00025879917184265007 0.00013990362194932378
0 1.0 0.02593070507820738 0.10368940586381624 0.00025879917184265007 0.00013990362194932378
0 1.0 0.024954346450309996 0.13041059395975152 0.00025879917184265007 0.00013990362194932378
0 1.0 0.020749046533498072 0.24549865865867948 0.00025879917184265007 0.00013990362194932378
0 1.0 0.010067325731584741 0.5241703026398742 0.00025879917184265007 0.00013990362194932378
0 1.0 -0.019250138787192502 1.3123808852875223 0.00025879917184265007 0.00013990362194932378
0 1.0 0.8927576126434856 -23.207275672118165 0.00025879917184265007 0.00013990362194932378
0 1.0 0.028210231816584354 0.04310884463292202 0.00025879917184265007 0.00013990362194932378
0 1.0 0.028643678024300522 0.030874650045945407 0.00025879917184265007 0.00013990362194932378
0 1.0 0.02866324513941955 0.028907860501324996 0.00025879917184265007 0.00013990362194932378
0 1.0 0.028518138874058487 0.0328789624079869 0.00025879917184265007 0.00013990362194932378
0 1.0 0.028463336272014837 0.034378737189758576 0.00025879917184265007 0.00013990362194932378
0 1.0 0.028397792562891346 0.03617246227545612 0.00025879917184265007 0.00013990362194932378
0 1.0 0.028329779748946626 0.03803375899108195 0.00025879917184265007 0.00013990362194932378
0 1.0 0.0282717194811676 0.039622685833799035 0.00025879917184265007 0.00013990362194932378
0 1.0 -0.444571131500914 14.475896243660594 0.00025879917184265007 0.00013990362194932378
0 1.0 -0.041974970035728275 2.186145403145402 0.00025879917184265007 0.00013990362194932378
0 1.0 -0.008854091414401435 1.1750892013334724 0.00025879917184265007 0.00013990362194932378
0 1.0 0.0034314022800377964 0.8000591565663019 0.00025879917184265007 0.00013990362194932378
0 1.0 0.009837715019926592 0.6044984560044333 0.00025879917184265007 0.00013990362194932378
0 1.0 0.013770181509261747 0.48445500311427564 0.00025879917184265007 0.00013990362194932378
0 1.0 0.016429877618446064 0.40326445630328883 0.00025879917184265007 0.00013990362194932378
0 1.0 0.01834863042339134 0.3446921296037549 0.00025879917184265007 0.00013990362194932378
0 1.0 0.03253787638431439 0.3671663129188341 0.00025879917184265007 0.00013990362194932378
0 1.0 0.0321336982160044 0.39017140192665695 0.00025879917184265007 0.00013990362194932378
0 1.0 0.035107559918140345 0.20944678611652479 0.00025879917184265007 0.00013990362194932378
0 1.0 0.03438880193637751 0.24745559800233619 0.00025879917184265007 0.00013990362194932378
0 1.0 0.033913405198568856 0.27259516603075823 0.00025879917184265007 0.00013990362194932378
0 1.0 0.03325952486431409 0.30717233305080793 0.00025879917184265007 0.00013990362194932378
0 1.0 0.06096146468753282 -1.148685637176321 0.00025879917184265007 0.00013990362194932378
0 1.0 0.005017411952659535 1.8004202367507365 0.00025879917184265007 0.00013990362194932378
0 1.0 1.859119127621274 -96.08715238240677 0.00025879917184265007 0.00013990362194932378
0 1.0 0.0625345581664309 -1.1375284781258685 0.00025879917184265007 0.00013990362194932378
0 1.0 0.04064622955310039 -0.29103105853843114 0.00025879917184265007 0.00013990362194932378
0 1.0 0.03961396505250914 -0.26375811089023415 0.00025879917184265007 0.00013990362194932378
0 1.0 0.03876838411348028 -0.24141743689704778 0.00025879917184265007 0.00013990362194932378
0 1.0 0.03806304239810146 -0.2227819537756208 0.00025879917184265007 0.00013990362194932378
0 1.0 0.03746571661894661 -0.20700030605405517 0.00025879917184265007 0.00013990362194932378
