0 1.0 0.0577994439372317 -1.063697023640528 0.00025879917184265007 0.00013990362194932378
0 1.0 0.05640061697689547 -1.0708705998664516 0.00025879917184265007 0.00013990362194932378
0 1.0 0.06229902477728498 -1.4333163485870102 0.00025879917184265007 0.00013990362194932378
0 1.0 0.14615828310632867 -6.586305545131568 0.00025879917184265007 0.00013990362194932378
0 1.0 0.07539368864343608 -2.2379581112162032 0.00025879917184265007 0.00013990362194932378
0 1.0 0.09553284749959698 -3.780321855907822 0.00025879917184265007 0.00013990362194932378
0 1.0 0.028571528590059007 0.029991229467880676 0.00025879917184265007 0.00013990362194932378
0 1.0 0.027386214975556343 0.0638543709278242 0.00025879917184265007 0.00013990362194932378
0 1.0 0.027112179488662957 0.07135501334199097 0.00025879917184265007 0.00013990362194932378
0 1.0 0.02632427497708217 0.09291839302666718 0.00025879917184265007 0.00013990362194932378
0 1.0 0.026976116779286522 0.07234315951633197 0.00025879917184265007 0.00013990362194932378
0 1.0 0.0542174564755177 -0.8543213950864581 0.00025879917184265007 0.00013990362194932378
0 1.0 -0.018531362622851218 1.4229110969591483 0.00025879917184265007 0.00013990362194932378
0 1.0 -0.00040060107598692535 0.8871510542748122 0.00025879917184265007 0.00013990362194932378
0 1.0 0.024391828070252728 0.15618818330637185 0.00025879917184265007 0.00013990362194932378
0 1.0 0.02564825736171554 0.11959866387434742 0.00025879917184265007 0.00013990362194932378
0 1.0 0.025885531414801998 0.1126888360933352 0.00025879917184265007 0.00013990362194932378
0 1.0 0.02609982970550766 0.10644810195793426 0.00025879917184265007 0.00013990362194932378
0 1.0 0.026471671913871824 0.09561949300383331 0.00025879917184265007 0.00013990362194932378
0 1.0 0.026634013293545245 0.09089189620141463 0.00025879917184265007 0.00013990362194932378
0 1.0 0.026920727124971754 0.08254240825577776 0.00025879917184265007 0.00013990362194932378
0 1.0 0.02704795128089027 0.07883747169603657 0.00025879917184265007 0.00013990362194932378
0 1.0 0.02727582011874632 0.07220139139759958 0.00025879917184265007 0.00013990362194932378
0 1.0 0.0273783898057365 0.06921411793840598 0.00025879917184265007 0.00013990362194932378
0 1.0 0.007547380382717353 0.6522899385647493 0.00025879917184265007 0.00013990362194932378
0 1.0 0.027474844471148462 0.06640494038843311 0.00025879917184265007 0.00013990362194932378
0 1.0 0.027668166251924066 0.06077573407632812 0.00025879917184265007 0.00013990362194932378
0 1.0 0.027792827386171882 0.057146251949939386 0.00025879917184265007 0.00013990362194932378
0 1.0 0.028093676260095037 0.04838710165633196 0.00025879917184265007 0.00013990362194932378
0 1.0 0.02834720418929123 0.04100257156056157 0.00025879917184265007 0.00013990362194932378
0 1.0 0.028587141911988606 0.034015291963892816 0.00025879917184265007 0.00013990362194932378
0 1.0 0.028713582550328492 0.030333186113549623 0.00025879917184265007 0.00013990362194932378
0 1.0 0.02875975361255095 0.028988628378331 0.00025879917184265007 0.00013990362194932378
0 1.0 0.012232049845930104 0.5138589793860388 0.00025879917184265007 0.00013990362194932378
0 1.0 0.015309552152119819 0.42291945857972735 0.00025879917184265007 0.00013990362194932378
0 1.0 0.01749119388734505 0.35845242192685384 0.00025879917184265007 0.00013990362194932378
0 1.0 0.02133812437693726 0.2451157934436181 0.00025879917184265007 0.00013990362194932378
0 1.0 0.02217733676852146 0.22067689567350743 0.00025879917184265007 0.00013990362194932378
0 1.0 0.022872997361839276 0.2004184029566695 0.00025879917184265007 0.00013990362194932378
0 1.0 0.023459046962174677 0.18335191726789857 0.00025879917184265007 0.00013990362194932378
0 1.0 0.02395949899775119 0.16877813802089447 0.00025879917184265007 0.00013990362194932378
0 1.0 0.024769061548930264 0.14520268009727283 0.00025879917184265007 0.00013990362194932378
0 1.0 0.028301107500459388 0.03881842821506521 0.00025879917184265007 0.00013990362194932378
0 1.0 0.02807495761049764 0.045005663834186006 0.00025879917184265007 0.00013990362194932378
0 1.0 0.027578104584830378 0.058602182101659274 0.00025879917184265007 0.00013990362194932378
0 1.0 0.027882354755926285 0.050274585026266846 0.00025879917184265007 0.00013990362194932378
0 1.0 0.027743644707715117 0.05407120209192099 0.00025879917184265007 0.00013990362194932378
0 1.0 0.028408260518361952 0.03432709082620906 0.00025879917184265007 0.00013990362194932378
0 1.0 0.027674806724763773 0.053796106111073515 0.00025879917184265007 0.00013990362194932378
0 1.0 0.024473660452689873 0.14356586406977184 0.00025879917184265007 0.00013990362194932378
0 1.0 0.023369136801664216 0.1680998326173706 0.00025879917184265007 0.00013990362194932378
0 1.0 0.021345165388239076 0.22183060667152119 0.00025879917184265007 0.00013990362194932378
0 1.0 0.02629433599412494 0.10078375074782889 0.00025879917184265007 0.00013990362194932378
0 1.0 0.026783185063717352 0.08654781593613926 0.00025879917184265007 0.00013990362194932378
0 1.0 0.02716598239205396 0.07540024882133912 0.00025879917184265007 0.00013990362194932378
0 1.0 0.027567322311061418 0.06371178373706636 0.00025879917184265007 0.00013990362194932378
0 1.0 0.02793552932460213 0.052991515687841946 0.00025879917184265007 0.00013990362194932378
0 1.0 0.028486932982412446 0.03693349840996543 0.00025879917184265007 0.00013990362194932378
0 1.0 0.0284113980650395 0.03580012249131786 0.00025879917184265007 0.00013990362194932378
0 1.0 0.028359982017610835 0.03720721792905733 0.00025879917184265007 0.00013990362194932378
0 1.0 1.1500786854413225 -63.160158520672724 0.00025879917184265007 0.00013990362194932378
0 1.0 0.008318350763102585 1.8813491310365313 0.00025879917184265007 0.00013990362194932378
0 1.0 0.01668800282927217 1.3667265401957112 0.00025879917184265007 0.00013990362194932378
0 1.0 0.024126471489795617 0.9093593780122438 0.00025879917184265007 0.00013990362194932378
0 1.0 0.05940786621406123 -1.0643000525618562 0.00025879917184265007 0.00013990362194932378
0 1.0 0.0517729526340361 -0.7103514578389643 0.00025879917184265007 0.00013990362194932378
0 1.0 0.06388318004752323 -1.4116871186653295 0.00025879917184265007 0.00013990362194932378
0 1.0 0.11063261763340154 -4.069317623944371 0.00025879917184265007 0.00013990362194932378
0 1.0 0.003568614655025386 2.0159802714397204 0.00025879917184265007 0.00013990362194932378
0 1.0 0.020025847327876427 1.0792932836646911 0.00025879917184265007 0.00013990362194932378
0 1.0 0.07599343788471274 -2.1001358426908787 0.00025879917184265007 0.00013990362194932378
0 1.0 0.02329404939499055 0.8932788782941429 0.00025879917184265007 0.00013990362194932378
0 1.0 0.028825491277592256 0.5784685467048938 0.00025879917184265007 0.00013990362194932378
0 1.0 0.03418850650930599 0.2580474681482198 0.00025879917184265007 0.00013990362194932378
0 1.0 0.03370297364296689 0.2837227964126663 0.00025879917184265007 0.00013990362194932378
0 1.0 0.033342758363283376 0.30277095215281496 0.00025879917184265007 0.00013990362194932378
0 1.0 0.030373247820417663 0.4598361976317765 0.00025879917184265007 0.00013990362194932378
0 1.0 0.029041369067952336 0.5302847532257763 0.00025879917184265007 0.00013990362194932378
0 1.0 0.027084935307251243 0.6337444553484339 0.00025879917184265007 0.00013990362194932378
0 1.0 0.02282166369373567 0.8591677260574988 0.00025879917184265007 0.00013990362194932378
0 1.0 0.10207074666992158 -3.093687914635406 0.00025879917184265007 0.00013990362194932378
0 1.0 0.02975695543111895 0.5254512948105683 0.00025879917184265007 0.00013990362194932378
0 1.0 0.03051608589975907 0.48224296400774685 0.00025879917184265007 0.00013990362194932378
0 1.0 0.03287133157393088 0.34818664771493785 0.00025879917184265007 0.00013990362194932378
0 1.0 0.03317452332343808 0.33093195426041133 0.00025879917184265007 0.00013990362194932378
0 1.0 0.03368724037515191 0.3017887855945251 0.00025879917184265007 0.00013990362194932378
0 1.0 0.035022262606944556 0.22582994482959798 0.00025879917184265007 0.00013990362194932378
0 1.0 0.03515910327614986 0.206721109535179 0.00025879917184265007 0.00013990362194932378
0 1.0 0.03483648992595744 0.2237813028832092 0.00025879917184265007 0.00013990362194932378
0 1.0 0.02677740773737781 0.6950185451061461 0.00025879917184265007 0.00013990362194932378
0 1.0 0.031146653980183837 0.4463521713993263 0.00025879917184265007 0.00013990362194932378
0 1.0 -0.22481410535543572 13.935072721182303 0.00025879917184265007 0.00013990362194932378
0 1.0 0.06268769587273705 -1.1452267434714574 0.00025879917184265007 0.00013990362194932378
0 1.0 0.03252747940823072 0.36775808995918496 0.00025879917184265007 0.00013990362194932378
0 1.0 0.03344481054534272 0.3155686538398954 0.00025879917184265007 0.00013990362194932378
0 1.0 0.03422049136376356 0.27146296965437877 0.00025879917184265007 0.00013990362194932378
0 1.0 0.035374678117289865 0.20577212176722323 0.00025879917184265007 0.00013990362194932378
0 1.0 0.03444645530282461 0.24440681661072372 0.00025879917184265007 0.00013990362194932378
0 1.0 0.03396800043942894 0.2697081021060927 0.00025879917184265007 0.00013990362194932378
0 1.0 0.031772059153499066 0.38584730203471523 0.00025879917184265007 0.00013990362194932378
0 1.0 0.009289990135215141 1.5746638023709925 0.00025879917184265007 0.00013990362194932378
0 1.0 0.028530496617787674 0.032540769845709284 0.00025879917184265007 0.00013990362194932378
0 1.0 0.02847442239692639 0.03407534483337592 0.00025879917184265007 0.00013990362194932378
0 1.0 0.02823244298205554 0.040697560031152144 0.00025879917184265007 0.00013990362194932378
0 1.0 0.028158672278301215 0.042716432073690545 0.00025879917184265007 0.00013990362194932378
0 1.0 0.027989666683096867 0.04733736238595889 0.00025879917184265007 0.00013990362194932378
0 1.0 0.026781017340377376 0.08041852979356515 0.00025879917184265007 0.00013990362194932378
0 1.0 0.025782573829015075 0.1077434280149411 0.00025879917184265007 0.00013990362194932378
0 1.0 0.025110739471550642 0.12613023600152223 0.00025879917184265007 0.00013990362194932378
0 1.0 0.027405365008656334 0.060947516546612006 0.00025879917184265007 0.00013990362194932378
0 1.0 0.023407306502636754 0.1727491406477161 0.00025879917184265007 0.00013990362194932378
0 1.0 0.0221649957962123 0.2067478865045863 0.00025879917184265007 0.00013990362194932378
0 1.0 0.020615654460506633 0.2491492455573551 0.00025879917184265007 0.00013990362194932378
0 1.0 0.018341357066671587 0.3117700070750941 0.00025879917184265007 0.00013990362194932378
0 1.0 0.011811358259020755 0.49286301858917636 0.00025879917184265007 0.00013990362194932378
0 1.0 -0.04393778817071008 1.976117222115693 0.00025879917184265007 0.00013990362194932378
0 1.0 0.26676364666586116 -6.3772026505881945 0.00025879917184265007 0.00013990362194932378
0 1.0 0.023232704552857208 0.1835906941245599 0.00025879917184265007 0.00013990362194932378
0 1.0 0.027246096954108297 0.07031530085831778 0.00025879917184265007 0.00013990362194932378
0 1.0 0.028648429157799676 0.03074054738060265 0.00025879917184265007 0.00013990362194932378
0 1.0 0.028733244059592593 0.02826688075244222 0.00025879917184265007 0.00013990362194932378
0 1.0 0.028663034011709505 0.02891363840243656 0.00025879917184265007 0.00013990362194932378
0 1.0 0.028619501143424417 0.030104996031407455 0.00025879917184265007 0.00013990362194932378
0 1.0 0.028571121485196492 0.03142899505070913 0.00025879917184265007 0.00013990362194932378
0 1.0 -0.444571131500914 14.475896243660594 0.00025879917184265007 0.00013990362194932378
0 1.0 -0.041974970035728275 2.186145403145402 0.00025879917184265007 0.00013990362194932378
0 1.0 -0.008854091414401435 1.1750892013334724 0.00025879917184265007 0.00013990362194932378
0 1.0 0.0034314022800377964 0.8000591565663019 0.00025879917184265007 0.00013990362194932378
0 1.0 0.009837715019926592 0.6044984560044333 0.00025879917184265007 0.00013990362194932378
0 1.0 0.013770181509261747 0.48445500311427564 0.00025879917184265007 0.00013990362194932378
0 1.0 0.016429877618446064 0.40326445630328883 0.00025879917184265007 0.00013990362194932378
0 1.0 0.01834863042339134 0.3446921296037549 0.00025879917184265007 0.00013990362194932378
0 1.0 0.032133844069672415 0.39016310020014516 0.00025879917184265007 0.00013990362194932378
0 1.0 0.031678773974458084 0.4160648654760351 0.00025879917184265007 0.00013990362194932378
0 1.0 0.06777772457038649 -1.5124491409202947 0.00025879917184265007 0.00013990362194932378
0 1.0 0.033909947225668 0.2891299842421153 0.00025879917184265007 0.00013990362194932378
0 1.0 0.03530604775913926 0.19895050335992112 0.00025879917184265007 0.00013990362194932378
0 1.0 0.03501048213825592 0.21458037929745802 0.00025879917184265007 0.00013990362194932378
0 1.0 0.034656438943532424 0.23330262173390856 0.00025879917184265007 0.00013990362194932378
0 1.0 0.11058826030640428 -3.7726513033597358 0.00025879917184265007 0.00013990362194932378
0 1.0 0.03291174357481585 0.3255646966052532 0.00025879917184265007 0.00013990362194932378
0 1.0 0.03239094272550314 0.3531119996298686 0.00025879917184265007 0.00013990362194932378
0 1.0 0.031153744400657494 0.4185525172500804 0.00025879917184265007 0.00013990362194932378
0 1.0 0.04064622955310039 -0.29103105853843114 0.00025879917184265007 0.00013990362194932378
0 1.0 0.03961396505250914 -0.26375811089023415 0.00025879917184265007 0.00013990362194932378
0 1.0 0.03876838411348028 -0.24141743689704778 0.00025879917184265007 0.00013990362194932378
0 1.0 0.03806304239810146 -0.2227819537756208 0.00025879917184265007 0.00013990362194932378
0 1.0 0.03746571661894661 -0.20700030605405517 0.00025879917184265007 0.00013990362194932378
