0 1.0 0.05489614804054616 -0.8942931801045344 0.00025879917184265007 0.00013990362194932378
0 1.0 0.05616217147302716 -1.0562185849323775 0.00025879917184265007 0.00013990362194932378
0 1.0 0.06229902477728498 -1.4333163485870102 0.00025879917184265007 0.00013990362194932378
0 1.0 0.14615828310632867 -6.586305545131568 0.00025879917184265007 0.00013990362194932378
0 1.0 0.07539368864343608 -2.2379581112162032 0.00025879917184265007 0.00013990362194932378
0 1.0 0.09553284749959698 -3.780321855907822 0.00025879917184265007 0.00013990362194932378
0 1.0 0.02785773560649641 0.048940883494904865 0.00025879917184265007 0.00013990362194932378
0 1.0 0.027785922295741266 0.05291402700428497 0.00025879917184265007 0.00013990362194932378
0 1.0 0.02754071562548771 0.057355096532190335 0.00025879917184265007 0.00013990362194932378
0 1.0 0.02812602163027155 0.041822424579886115 0.00025879917184265007 0.00013990362194932378
0 1.0 0.05173061436694228 -0.7054035906911175 0.00025879917184265007 0.00013990362194932378
0 1.0 -0.018531362622851218 1.4229110969591483 0.00025879917184265007 0.00013990362194932378
0 1.0 -0.00040060107598692535 0.8871510542748122 0.00025879917184265007 0.00013990362194932378
0 1.0 0.024391828070252728 0.15618818330637185 0.00025879917184265007 0.00013990362194932378
0 1.0 0.02564825736171554 0.11959866387434742 0.00025879917184265007 0.00013990362194932378
0 1.0 0.025885531414801998 0.1126888360933352 0.00025879917184265007 0.00013990362194932378
0 1.0 0.02609982970550766 0.10644810195793426 0.00025879917184265007 0.00013990362194932378
0 1.0 0.026471671913871824 0.09561949300383331 0.00025879917184265007 0.00013990362194932378
0 1.0 0.026634013293545245 0.09089189620141463 0.00025879917184265007 0.00013990362194932378
0 1.0 0.026920727124971754 0.08254240825577776 0.00025879917184265007 0.00013990362194932378
0 1.0 0.027047948249583387 0.07883755997172323 0.00025879917184265007 0.00013990362194932378
0 1.0 0.027275744120177834 0.07220360480502298 0.00025879917184265007 0.00013990362194932378
0 1.0 0.02737811197925188 0.06922220944875493 0.00025879917184265007 0.00013990362194932378
0 1.0 0.007547380382717353 0.6522899385647493 0.00025879917184265007 0.00013990362194932378
0 1.0 0.027473802074459288 0.06643529949408011 0.00025879917184265007 0.00013990362194932378
0 1.0 0.027647708059857 0.06137136994065486 0.00025879917184265007 0.00013990362194932378
0 1.0 0.027727148372181053 0.05905848232387982 0.00025879917184265007 0.00013990362194932378
0 1.0 0.027873035402653623 0.05481101279163979 0.00025879917184265007 0.00013990362194932378
0 1.0 0.02794618947072528 0.05268114782497847 0.00025879917184265007 0.00013990362194932378
0 1.0 0.028130259706643106 0.0473219824740855 0.00025879917184265007 0.00013990362194932378
0 1.0 0.028300690002560563 0.04235712150062525 0.00025879917184265007 0.00013990362194932378
0 1.0 0.02854035285060131 0.035377846589748956 0.00025879917184265007 0.00013990362194932378
0 1.0 0.0286962361998336 0.030838333030537245 0.00025879917184265007 0.00013990362194932378
0 1.0 0.028751323413267547 0.029234126079928365 0.00025879917184265007 0.00013990362194932378
0 1.0 0.012232049845930104 0.5138589793860388 0.00025879917184265007 0.00013990362194932378
0 1.0 0.015309552152119819 0.42291945857972735 0.00025879917184265007 0.00013990362194932378
0 1.0 0.01749119388734505 0.35845242192685384 0.00025879917184265007 0.00013990362194932378
0 1.0 0.02133812437693726 0.2451157934436181 0.00025879917184265007 0.00013990362194932378
0 1.0 0.02217733676852146 0.22067689567350743 0.00025879917184265007 0.00013990362194932378
0 1.0 0.022872997361839276 0.2004184029566695 0.00025879917184265007 0.00013990362194932378
0 1.0 0.023459046962174677 0.18335191726789857 0.00025879917184265007 0.00013990362194932378
0 1.0 0.02395949899775119 0.16877813802089447 0.00025879917184265007 0.00013990362194932378
0 1.0 0.024769061548930264 0.14520268009727283 0.00025879917184265007 0.00013990362194932378
0 1.0 0.028405559906067638 0.03595989453263423 0.00025879917184265007 0.00013990362194932378
0 1.0 0.028190758598435343 0.04183833045109452 0.00025879917184265007 0.00013990362194932378
0 1.0 0.02789114637305963 0.050033950666510146 0.00025879917184265007 0.00013990362194932378
0 1.0 0.028056985959627603 0.04549685867761189 0.00025879917184265007 0.00013990362194932378
0 1.0 0.02797049170031848 0.0478621986742373 0.00025879917184265007 0.00013990362194932378
0 1.0 0.02860598646501538 0.029076141986534593 0.00025879917184265007 0.00013990362194932378
0 1.0 0.028469844891813863 0.03269161303590071 0.00025879917184265007 0.00013990362194932378
0 1.0 0.026553365470055854 0.0866487757099917 0.00025879917184265007 0.00013990362194932378
0 1.0 0.02693926986870766 0.07332147190023262 0.00025879917184265007 0.00013990362194932378
0 1.0 0.024601160492474294 0.14007652647736882 0.00025879917184265007 0.00013990362194932378
0 1.0 0.02629433599412494 0.10078375074782889 0.00025879917184265007 0.00013990362194932378
0 1.0 0.021287707750329808 0.22335594608081874 0.00025879917184265007 0.00013990362194932378
0 1.0 0.026783185063717352 0.08654781593613926 0.00025879917184265007 0.00013990362194932378
0 1.0 0.027165969239009487 0.07540063185548056 0.00025879917184265007 0.00013990362194932378
0 1.0 0.02756345360714843 0.0638244202198741 0.00025879917184265007 0.00013990362194932378
0 1.0 0.0278019401527118 0.05688093571101608 0.00025879917184265007 0.00013990362194932378
0 1.0 0.02802779459069454 0.05030523229896183 0.00025879917184265007 0.00013990362194932378
0 1.0 0.028512715576038683 0.03302738101040406 0.00025879917184265007 0.00013990362194932378
0 1.0 0.028464719602667384 0.034340879782442706 0.00025879917184265007 0.00013990362194932378
0 1.0 0.6328802639831403 -33.75825823846238 0.00025879917184265007 0.00013990362194932378
0 1.0 0.008318350763102585 1.8813491310365313 0.00025879917184265007 0.00013990362194932378
0 1.0 0.01668800282927217 1.3667265401957112 0.00025879917184265007 0.00013990362194932378
0 1.0 0.024126471489795617 0.9093593780122438 0.00025879917184265007 0.00013990362194932378
0 1.0 0.06661479888408663 -1.4509193769830702 0.00025879917184265007 0.00013990362194932378
0 1.0 0.05944519162775429 -1.0663274276586026 0.00025879917184265007 0.00013990362194932378
0 1.0 0.06167433723816298 -1.2861179496087458 0.00025879917184265007 0.00013990362194932378
0 1.0 0.1094094610221395 -3.999783133463032 0.00025879917184265007 0.00013990362194932378
0 1.0 0.003568614655025386 2.0159802714397204 0.00025879917184265007 0.00013990362194932378
0 1.0 0.020025847327876427 1.0792932836646911 0.00025879917184265007 0.00013990362194932378
0 1.0 0.07414665300289132 -1.9951490857999326 0.00025879917184265007 0.00013990362194932378
0 1.0 0.02329404939499055 0.8932788782941429 0.00025879917184265007 0.00013990362194932378
0 1.0 0.028825491277592256 0.5784685467048938 0.00025879917184265007 0.00013990362194932378
0 1.0 0.0346763714252884 0.23224856742257782 0.00025879917184265007 0.00013990362194932378
0 1.0 0.0341950434927336 0.25770178437189367 0.00025879917184265007 0.00013990362194932378
0 1.0 0.03390668459742129 0.27295055973943005 0.00025879917184265007 0.00013990362194932378
0 1.0 0.031721386011104385 0.38852761334871877 0.00025879917184265007 0.00013990362194932378
0 1.0 0.031089524844872606 0.42194935419004814 0.00025879917184265007 0.00013990362194932378
0 1.0 0.029969863810797717 0.48117284015636136 0.00025879917184265007 0.00013990362194932378
0 1.0 0.028470443553977993 0.5604790019489148 0.00025879917184265007 0.00013990362194932378
0 1.0 0.007382675650705065 1.6754698220289106 0.00025879917184265007 0.00013990362194932378
0 1.0 0.09060821422313585 -2.717795469704518 0.00025879917184265007 0.00013990362194932378
0 1.0 0.02975695543111895 0.5254512948105683 0.00025879917184265007 0.00013990362194932378
0 1.0 0.03051608589975907 0.48224296400774685 0.00025879917184265007 0.00013990362194932378
0 1.0 0.0328712539018832 0.34819106866715477 0.00025879917184265007 0.00013990362194932378
0 1.0 0.03317417631469523 0.3309516784616777 0.00025879917184265007 0.00013990362194932378
0 1.0 0.03368363884194816 0.30199349907003936 0.00025879917184265007 0.00013990362194932378
0 1.0 0.034274637784387454 0.2683812116373418 0.00025879917184265007 0.00013990362194932378
0 1.0 0.035409929335884015 0.20376578922924365 0.00025879917184265007 0.00013990362194932378
0 1.0 0.03515718182698144 0.20682271814592718 0.00025879917184265007 0.00013990362194932378
0 1.0 0.02677740773737781 0.6950185451061461 0.00025879917184265007 0.00013990362194932378
0 1.0 0.031146653980183837 0.4463521713993263 0.00025879917184265007 0.00013990362194932378
0 1.0 0.024494151369906465 0.7707338479560425 0.00025879917184265007 0.00013990362194932378
0 1.0 0.07808428859094745 -1.913248879874494 0.00025879917184265007 0.00013990362194932378
0 1.0 0.06229580856148799 -1.1255264842711872 0.00025879917184265007 0.00013990362194932378
0 1.0 0.03252743943746279 0.36776036502287157 0.00025879917184265007 0.00013990362194932378
0 1.0 0.033443199581168634 0.315660222084959 0.00025879917184265007 0.00013990362194932378
0 1.0 0.03409529792437073 0.27858838775374406 0.00025879917184265007 0.00013990362194932378
0 1.0 0.034454136330595936 0.2581650038538774 0.00025879917184265007 0.00013990362194932378
0 1.0 0.03484094718187967 0.2235455976720358 0.00025879917184265007 0.00013990362194932378
0 1.0 0.03445025661950869 0.24420579827850214 0.00025879917184265007 0.00013990362194932378
0 1.0 0.03279967075503642 0.3314926898705512 0.00025879917184265007 0.00013990362194932378
0 1.0 0.0266812465788529 0.6550897604928305 0.00025879917184265007 0.00013990362194932378
0 1.0 0.0286175311730375 0.030158907922393476 0.00025879917184265007 0.00013990362194932378
0 1.0 0.028564928236109594 0.0315984847911844 0.00025879917184265007 0.00013990362194932378
0 1.0 0.028344838860943886 0.03762163847915126 0.00025879917184265007 0.00013990362194932378
0 1.0 0.02826753101840305 0.03973731088068398 0.00025879917184265007 0.00013990362194932378
0 1.0 0.028128163247269064 0.04355136825649932 0.00025879917184265007 0.00013990362194932378
0 1.0 0.027640856962430453 0.056884593860725946 0.00025879917184265007 0.00013990362194932378
0 1.0 0.027383782562685605 0.0639209482258272 0.00025879917184265007 0.00013990362194932378
0 1.0 0.026961251247637347 0.07548599151429665 0.00025879917184265007 0.00013990362194932378
0 1.0 0.028341135234313964 0.036109716922329796 0.00025879917184265007 0.00013990362194932378
0 1.0 0.026078796199173408 0.09963651553308592 0.00025879917184265007 0.00013990362194932378
0 1.0 0.025476440717985386 0.11612160898670759 0.00025879917184265007 0.00013990362194932378
0 1.0 0.02354929012763534 0.16886342578009006 0.00025879917184265007 0.00013990362194932378
0 1.0 0.0225076794096044 0.19736954578774202 0.00025879917184265007 0.00013990362194932378
0 1.0 0.021291917986570097 0.23064170824321803 0.00025879917184265007 0.00013990362194932378
0 1.0 0.019053535714609472 0.2921081438609499 0.00025879917184265007 0.00013990362194932378
0 1.0 0.015315179876386835 0.39569338239360136 0.00025879917184265007 0.00013990362194932378
0 1.0 -0.004553706106609511 0.9467067139542495 0.00025879917184265007 0.00013990362194932378
0 1.0 0.49645183100243495 -12.552452133273064 0.00025879917184265007 0.00013990362194932378
0 1.0 0.02463924233793155 0.14389907864363904 0.00025879917184265007 0.00013990362194932378
0 1.0 0.02811266762409446 0.04585960610615115 0.00025879917184265007 0.00013990362194932378
0 1.0 0.02849331982494243 0.03511857105839735 0.00025879917184265007 0.00013990362194932378
0 1.0 0.02864491047427546 0.030839863646748365 0.00025879917184265007 0.00013990362194932378
0 1.0 0.02873238516588192 0.02824571177383226 0.00025879917184265007 0.00013990362194932378
0 1.0 0.028662787005509262 0.028920398184933162 0.00025879917184265007 0.00013990362194932378
0 1.0 -0.444571131500914 14.475896243660594 0.00025879917184265007 0.00013990362194932378
0 1.0 -0.041974970035728275 2.186145403145402 0.00025879917184265007 0.00013990362194932378
0 1.0 -0.008854091414401435 1.1750892013334724 0.00025879917184265007 0.00013990362194932378
0 1.0 0.0034314022800377964 0.8000591565663019 0.00025879917184265007 0.00013990362194932378
0 1.0 0.009837715019926592 0.6044984560044333 0.00025879917184265007 0.00013990362194932378
0 1.0 0.013770181509261747 0.48445500311427564 0.00025879917184265007 0.00013990362194932378
0 1.0 0.016429877618446064 0.40326445630328883 0.00025879917184265007 0.00013990362194932378
0 1.0 0.01834863042339134 0.3446921296037549 0.00025879917184265007 0.00013990362194932378
0 1.0 0.032133831924267234 0.3901637914946014 0.00025879917184265007 0.00013990362194932378
0 1.0 0.031678773974458084 0.4160648654760351 0.00025879917184265007 0.00013990362194932378
0 1.0 0.48014750083316227 -23.283703436382055 0.00025879917184265007 0.00013990362194932378
0 1.0 0.03389984634665861 0.28970412473473256 0.00025879917184265007 0.00013990362194932378
0 1.0 0.03506459765680756 0.22342043413962673 0.00025879917184265007 0.00013990362194932378
0 1.0 0.035289156347834416 0.19984374210100245 0.00025879917184265007 0.00013990362194932378
0 1.0 0.0350186905713051 0.21414630719591723 0.00025879917184265007 0.00013990362194932378
0 1.0 0.02029369972167345 0.9928354719759964 0.00025879917184265007 0.00013990362194932378
0 1.0 0.03364645991458038 0.28671123793771386 0.00025879917184265007 0.00013990362194932378
0 1.0 0.03323824511476485 0.3082976045381294 0.00025879917184265007 0.00013990362194932378
0 1.0 0.03234215548789726 0.35569255766819985 0.00025879917184265007 0.00013990362194932378
0 1.0 0.04064622955310039 -0.29103105853843114 0.00025879917184265007 0.00013990362194932378
0 1.0 0.03961396505250914 -0.26375811089023415 0.00025879917184265007 0.00013990362194932378
0 1.0 0.03876838411348028 -0.24141743689704778 0.00025879917184265007 0.00013990362194932378
0 1.0 0.03806304239810146 -0.2227819537756208 0.00025879917184265007 0.00013990362194932378
0 1.0 0.03746571661894661 -0.20700030605405517 0.00025879917184265007 0.00013990362194932378
