0 1.0 0.026262093942016965 0.09462012795749401 0.00025879917184265007 0.00013990362194932378
0 1.0 0.021460017315241366 0.226041275899964 0.00025879917184265007 0.00013990362194932378
0 1.0 0.052741179213482155 -0.7673755121761924 0.00025879917184265007 0.00013990362194932378
0 1.0 0.057046328642928835 -1.020167266239314 0.00025879917184265007 0.00013990362194932378
0 1.0 0.06548428929021274 -1.5027076097212768 0.00025879917184265007 0.00013990362194932378
0 1.0 0.10005111351169788 -3.4677760953662817 0.00025879917184265007 0.00013990362194932378
0 1.0 0.14437736331574183 -6.476871469232622 0.00025879917184265007 0.00013990362194932378
0 1.0 0.09501901736299186 -3.7460246153006698 0.00025879917184265007 0.00013990362194932378
0 1.0 -0.018531362622851218 1.4229110969591483 0.00025879917184265007 0.00013990362194932378
0 1.0 -0.00040060107598692535 0.8871510542748122 0.00025879917184265007 0.00013990362194932378
0 1.0 0.02864932044221531 0.03220457720541424 0.00025879917184265007 0.00013990362194932378
0 1.0 0.02873534895726916 0.029699321753249883 0.00025879917184265007 0.00013990362194932378
0 1.0 0.007547380382717353 0.6522899385647493 0.00025879917184265007 0.00013990362194932378
0 1.0 0.012314260618106483 0.5114296690288058 0.00025879917184265007 0.00013990362194932378
0 1.0 0.024689591005467488 0.14751696013758026 0.00025879917184265007 0.00013990362194932378
0 1.0 0.027126019086113784 0.07656403341992359 0.00025879917184265007 0.00013990362194932378
0 1.0 0.0274429608133777 0.06733353057365753 0.00025879917184265007 0.00013990362194932378
0 1.0 0.02775126286637366 0.058356394009129245 0.00025879917184265007 0.00013990362194932378
0 1.0 0.028231770873712397 0.04436442389509862 0.00025879917184265007 0.00013990362194932378
0 1.0 0.028454638637276427 0.0378739491916098 0.00025879917184265007 0.00013990362194932378
0 1.0 0.028503710157298134 0.03482529972368479 0.00025879917184265007 0.00013990362194932378
0 1.0 0.02864372552591045 0.030873309293785768 0.00025879917184265007 0.00013990362194932378
0 1.0 0.028609110724323088 0.030389349108799618 0.00025879917184265007 0.00013990362194932378
0 1.0 0.028554730724882703 0.03187755858703715 0.00025879917184265007 0.00013990362194932378
0 1.0 0.028445517397189167 0.034866383726720476 0.00025879917184265007 0.00013990362194932378
0 1.0 0.02827152749013394 0.0396279400242913 0.00025879917184265007 0.00013990362194932378
0 1.0 0.027952770001114735 0.048347257301907254 0.00025879917184265007 0.00013990362194932378
0 1.0 0.02763334666051514 0.05709015748634365 0.00025879917184265007 0.00013990362194932378
0 1.0 0.11276169230643805 -3.887398657531694 0.00025879917184265007 0.00013990362194932378
0 1.0 0.05904793442062234 -1.044749920832638 0.00025879917184265007 0.00013990362194932378
0 1.0 0.021104316487384544 1.0951818261818418 0.00025879917184265007 0.00013990362194932378
0 1.0 0.025550521020387764 0.8217992198210646 0.00025879917184265007 0.00013990362194932378
0 1.0 0.054674948372650606 -0.8072258819834112 0.00025879917184265007 0.00013990362194932378
0 1.0 1.3943344225378376 -77.04570520355325 0.00025879917184265007 0.00013990362194932378
0 1.0 -0.048277179266953116 4.9644493182626945 0.00025879917184265007 0.00013990362194932378
0 1.0 0.0036623182839187834 2.0106469950841843 0.00025879917184265007 0.00013990362194932378
0 1.0 0.014370684680436268 1.4011649719921595 0.00025879917184265007 0.00013990362194932378
0 1.0 0.020885910390837707 1.0303415616008242 0.00025879917184265007 0.00013990362194932378
0 1.0 0.024017940203153 0.852077595304788 0.00025879917184265007 0.00013990362194932378
0 1.0 -0.007268883430377509 2.8397572920059497 0.00025879917184265007 0.00013990362194932378
0 1.0 0.026457426175341036 0.7132307543788673 0.00025879917184265007 0.00013990362194932378
0 1.0 0.03377102982537129 0.2970261390782775 0.00025879917184265007 0.00013990362194932378
0 1.0 0.03504335355655797 0.22462954778932961 0.00025879917184265007 0.00013990362194932378
0 1.0 0.035381975076997876 0.20535681335309255 0.00025879917184265007 0.00013990362194932378
0 1.0 0.03461680360155485 0.2353985876855637 0.00025879917184265007 0.00013990362194932378
0 1.0 0.03435363396616909 0.24931532380430751 0.00025879917184265007 0.00013990362194932378
0 1.0 0.033517482293108164 0.2935315644462258 0.00025879917184265007 0.00013990362194932378
0 1.0 0.029386634349443202 0.5120222497262921 0.00025879917184265007 0.00013990362194932378
0 1.0 -0.07101290278689998 5.815066637289038 0.00025879917184265007 0.00013990362194932378
0 1.0 0.10433141592473157 -3.2049416155476247 0.00025879917184265007 0.00013990362194932378
0 1.0 0.030392744632263824 0.4892633254709374 0.00025879917184265007 0.00013990362194932378
0 1.0 0.035296752499206434 0.1994420482125433 0.00025879917184265007 0.00013990362194932378
0 1.0 0.0348386931757954 0.2236647923041926 0.00025879917184265007 0.00013990362194932378
0 1.0 0.034014299187794104 0.2672597669754779 0.00025879917184265007 0.00013990362194932378
0 1.0 0.031380070358427326 0.40658120470470116 0.00025879917184265007 0.00013990362194932378
0 1.0 0.02552727006818357 0.7161070221028643 0.00025879917184265007 0.00013990362194932378
0 1.0 0.06385545086947056 -1.2039300376524673 0.00025879917184265007 0.00013990362194932378
0 1.0 0.028733174310697943 0.02834858115179822 0.00025879917184265007 0.00013990362194932378
0 1.0 0.028660358521083912 0.028986858162438702 0.00025879917184265007 0.00013990362194932378
0 1.0 0.018324672113695116 0.31223272207252084 0.00025879917184265007 0.00013990362194932378
0 1.0 -0.004205932849774267 0.9079119954280713 0.00025879917184265007 0.00013990362194932378
0 1.0 0.028503720858329393 0.03327353813226477 0.00025879917184265007 0.00013990362194932378
0 1.0 0.028370066343682884 0.03693124165475624 0.00025879917184265007 0.00013990362194932378
0 1.0 0.028130939397988972 0.04347539374644212 0.00025879917184265007 0.00013990362194932378
0 1.0 0.027452839002720955 0.06203081220386879 0.00025879917184265007 0.00013990362194932378
0 1.0 0.027169657943229814 0.06978176616554141 0.00025879917184265007 0.00013990362194932378
0 1.0 0.026817385973678946 0.07942321388075019 0.00025879917184265007 0.00013990362194932378
0 1.0 0.025630880448014946 0.11189493777474271 0.00025879917184265007 0.00013990362194932378
0 1.0 0.02431416201020938 0.1479309129922502 0.00025879917184265007 0.00013990362194932378
0 1.0 -0.444571131500914 14.475896243660594 0.00025879917184265007 0.00013990362194932378
0 1.0 -0.041974970035728275 2.186145403145402 0.00025879917184265007 0.00013990362194932378
0 1.0 -0.008854091414401435 1.1750892013334724 0.00025879917184265007 0.00013990362194932378
0 1.0 0.0034314022800377964 0.8000591565663019 0.00025879917184265007 0.00013990362194932378
0 1.0 0.009837715019926592 0.6044984560044333 0.00025879917184265007 0.00013990362194932378
0 1.0 0.013770181509261747 0.48445500311427564 0.00025879917184265007 0.00013990362194932378
0 1.0 0.016429877618446064 0.40326445630328883 0.00025879917184265007 0.00013990362194932378
0 1.0 0.01834863042339134 0.3446921296037549 0.00025879917184265007 0.00013990362194932378
0 1.0 0.035016297584807114 0.21427285128440746 0.00025879917184265007 0.00013990362194932378
0 1.0 0.0351639167202433 0.20646656865255503 0.00025879917184265007 0.00013990362194932378
0 1.0 0.032638660606641806 0.340009180106153 0.00025879917184265007 0.00013990362194932378
0 1.0 0.007275500304574518 1.681131602555969 0.00025879917184265007 0.00013990362194932378
0 1.0 0.06842830079957882 -1.5467966157830115 0.00025879917184265007 0.00013990362194932378
0 1.0 0.04064622955310039 -0.29103105853843114 0.00025879917184265007 0.00013990362194932378
0 1.0 0.03961396505250914 -0.26375811089023415 0.00025879917184265007 0.00013990362194932378
0 1.0 0.03876838411348028 -0.24141743689704778 0.00025879917184265007 0.00013990362194932378
0 1.0 0.03806304239810146 -0.2227819537756208 0.00025879917184265007 0.00013990362194932378
0 1.0 0.03746571661894661 -0.20700030605405517 0.00025879917184265007 0.00013990362194932378
