0 1.0 0.024759966516592475 0.13573042720718387 0.00025879917184265007 0.00013990362194932378
0 1.0 0.0038569536645654237 0.7134583242305237 0.00025879917184265007 0.00013990362194932378
0 1.0 0.05608751545641942 -0.9644591946516866 0.00025879917184265007 0.00013990362194932378
0 1.0 0.0645162478937884 -1.4476760098055765 0.00025879917184265007 0.00013990362194932378
0 1.0 0.09757276096047711 -3.3268857299825285 0.00025879917184265007 0.00013990362194932378
0 1.0 0.12171300609539827 -5.084190562792925 0.00025879917184265007 0.00013990362194932378
0 1.0 0.08900612467119776 -3.34467480589108 0.00025879917184265007 0.00013990362194932378
0 1.0 -0.018531362622851218 1.4229110969591483 0.00025879917184265007 0.00013990362194932378
0 1.0 -0.00040060107598692535 0.8871510542748122 0.00025879917184265007 0.00013990362194932378
0 1.0 0.028736977445172333 0.0296518981961229 0.00025879917184265007 0.00013990362194932378
0 1.0 0.007547380382717353 0.6522899385647493 0.00025879917184265007 0.00013990362194932378
0 1.0 0.019749851210876163 0.29170959146512904 0.00025879917184265007 0.00013990362194932378
0 1.0 0.026293676159530096 0.10080296600845487 0.00025879917184265007 0.00013990362194932378
0 1.0 0.027626283114403852 0.0619951526220031 0.00025879917184265007 0.00013990362194932378
0 1.0 0.02784926205068992 0.05550316882372818 0.00025879917184265007 0.00013990362194932378
0 1.0 0.02814340554956827 0.04693911610954978 0.00025879917184265007 0.00013990362194932378
0 1.0 0.02847759468250946 0.03720544111095546 0.00025879917184265007 0.00013990362194932378
0 1.0 0.0286459443951754 0.03230289181944891 0.00025879917184265007 0.00013990362194932378
0 1.0 0.028661195462822087 0.030380213256043804 0.00025879917184265007 0.00013990362194932378
0 1.0 0.028731817924215555 0.028386865709063434 0.00025879917184265007 0.00013990362194932378
0 1.0 0.02857154314284724 0.031417455607552144 0.00025879917184265007 0.00013990362194932378
0 1.0 0.028514736898975747 0.03297206376170112 0.00025879917184265007 0.00013990362194932378
0 1.0 0.028322298661352167 0.038238492819330915 0.00025879917184265007 0.00013990362194932378
0 1.0 0.02800362227040636 0.04695538558165588 0.00025879917184265007 0.00013990362194932378
0 1.0 0.02754329758128888 0.05955488066498741 0.00025879917184265007 0.00013990362194932378
0 1.0 0.02702212362434843 0.07112164418272057 0.00025879917184265007 0.00013990362194932378
0 1.0 0.07517174307229212 -1.9028197896357266 0.00025879917184265007 0.00013990362194932378
0 1.0 0.05790483336674063 -0.9826610012357628 0.00025879917184265007 0.00013990362194932378
0 1.0 0.025550521020387764 0.8217992198210646 0.00025879917184265007 0.00013990362194932378
0 1.0 0.0518085510053116 -0.7124480367813535 0.00025879917184265007 0.00013990362194932378
0 1.0 -0.22328063780540958 14.913115098182768 0.00025879917184265007 0.00013990362194932378
0 1.0 -0.010927512099740352 2.8404688370488325 0.00025879917184265007 0.00013990362194932378
0 1.0 0.008498535933995839 1.7353867351774175 0.00025879917184265007 0.00013990362194932378
0 1.0 0.016749138492860787 1.2657918639241688 0.00025879917184265007 0.00013990362194932378
0 1.0 0.021641490789245387 0.9873366201580324 0.00025879917184265007 0.00013990362194932378
0 1.0 0.024770918933515518 0.8092207315280838 0.00025879917184265007 0.00013990362194932378
0 1.0 0.021294338740177138 1.0834979780031586 0.00025879917184265007 0.00013990362194932378
0 1.0 0.029570871810504672 0.5360428373301195 0.00025879917184265007 0.00013990362194932378
0 1.0 0.03476672507041408 0.2403739320919677 0.00025879917184265007 0.00013990362194932378
0 1.0 0.035364192485282483 0.20636891431842336 0.00025879917184265007 0.00013990362194932378
0 1.0 0.0353149951159863 0.19847735605317354 0.00025879917184265007 0.00013990362194932378
0 1.0 0.034250337270800395 0.2547777809349615 0.00025879917184265007 0.00013990362194932378
0 1.0 0.033754255636286284 0.2810110086276748 0.00025879917184265007 0.00013990362194932378
0 1.0 0.031814846317875387 0.3835841125944649 0.00025879917184265007 0.00013990362194932378
0 1.0 0.019323512186167388 1.0441347715002414 0.00025879917184265007 0.00013990362194932378
0 1.0 0.12945025304291544 -4.768478990120293 0.00025879917184265007 0.00013990362194932378
0 1.0 0.03313817772432065 0.33299824833458425 0.00025879917184265007 0.00013990362194932378
0 1.0 0.035185056130111296 0.20534869048850593 0.00025879917184265007 0.00013990362194932378
0 1.0 0.034594621597680376 0.23657159951139 0.00025879917184265007 0.00013990362194932378
0 1.0 0.03300186752751998 0.3207976693659667 0.00025879917184265007 0.00013990362194932378
0 1.0 0.026926501244019702 0.6421217599077151 0.00025879917184265007 0.00013990362194932378
0 1.0 -0.013055463188649351 2.7551608206392593 0.00025879917184265007 0.00013990362194932378
0 1.0 0.02866165582144681 0.028951355133456435 0.00025879917184265007 0.00013990362194932378
0 1.0 0.02861354354245902 0.030268036824263204 0.00025879917184265007 0.00013990362194932378
0 1.0 -0.004938363056684036 0.9276036450851324 0.00025879917184265007 0.00013990362194932378
0 1.0 -1.7932747264329285 49.00767025671003 0.00025879917184265007 0.00013990362194932378
0 1.0 0.02843436096477274 0.035171700178289064 0.00025879917184265007 0.00013990362194932378
0 1.0 0.028170203882504918 0.04240084835078066 0.00025879917184265007 0.00013990362194932378
0 1.0 0.0277964756865044 0.052625171337456714 0.00025879917184265007 0.00013990362194932378
0 1.0 0.027003416348122995 0.07433197758095261 0.00025879917184265007 0.00013990362194932378
0 1.0 0.02656386062070884 0.08636155044184105 0.00025879917184265007 0.00013990362194932378
0 1.0 0.026020676155349587 0.1012271115830306 0.00025879917184265007 0.00013990362194932378
0 1.0 0.023619417776641744 0.16694421820683278 0.00025879917184265007 0.00013990362194932378
0 1.0 0.02022703152567946 0.25978482353878335 0.00025879917184265007 0.00013990362194932378
0 1.0 -0.444571131500914 14.475896243660594 0.00025879917184265007 0.00013990362194932378
0 1.0 -0.041974970035728275 2.186145403145402 0.00025879917184265007 0.00013990362194932378
0 1.0 -0.008854091414401435 1.1750892013334724 0.00025879917184265007 0.00013990362194932378
0 1.0 0.0034314022800377964 0.8000591565663019 0.00025879917184265007 0.00013990362194932378
0 1.0 0.009837715019926592 0.6044984560044333 0.00025879917184265007 0.00013990362194932378
0 1.0 0.013770181509261747 0.48445500311427564 0.00025879917184265007 0.00013990362194932378
0 1.0 0.016429877618446064 0.40326445630328883 0.00025879917184265007 0.00013990362194932378
0 1.0 0.01834863042339134 0.3446921296037549 0.00025879917184265007 0.00013990362194932378
0 1.0 0.03483222091642179 0.22400705339241772 0.00025879917184265007 0.00013990362194932378
0 1.0 0.035031353276057386 0.2134766876924024 0.00025879917184265007 0.00013990362194932378
0 1.0 0.029805280588078523 0.4898783250168322 0.00025879917184265007 0.00013990362194932378
0 1.0 0.12757928037280178 -4.349032442921132 0.00025879917184265007 0.00013990362194932378
0 1.0 0.06591333453158149 -1.3073802907835665 0.00025879917184265007 0.00013990362194932378
0 1.0 0.04064622955310039 -0.29103105853843114 0.00025879917184265007 0.00013990362194932378
0 1.0 0.03961396505250914 -0.26375811089023415 0.00025879917184265007 0.00013990362194932378
0 1.0 0.03876838411348028 -0.24141743689704778 0.00025879917184265007 0.00013990362194932378
0 1.0 0.03806304239810146 -0.2227819537756208 0.00025879917184265007 0.00013990362194932378
0 1.0 0.03746571661894661 -0.20700030605405517 0.00025879917184265007 0.00013990362194932378
