0 1.0 0.054358724085686774 -0.8626414020449327 0.00025879917184265007 0.00013990362194932378
0 1.0 0.05596811937268545 -1.0442944587648813 0.00025879917184265007 0.00013990362194932378
0 1.0 0.06227824575917414 -1.4320395181216181 0.00025879917184265007 0.00013990362194932378
0 1.0 0.14615828310632867 -6.586305545131568 0.00025879917184265007 0.00013990362194932378
0 1.0 0.07539368864343608 -2.2379581112162032 0.00025879917184265007 0.00013990362194932378
0 1.0 0.09553284749959698 -3.780321855907822 0.00025879917184265007 0.00013990362194932378
0 1.0 0.027966019599626787 0.04606763471176997 0.00025879917184265007 0.00013990362194932378
0 1.0 0.027822067407907807 0.05192470322088793 0.00025879917184265007 0.00013990362194932378
0 1.0 0.02768741169708202 0.053461550156343705 0.00025879917184265007 0.00013990362194932378
0 1.0 0.02823182055190279 0.03901275425496882 0.00025879917184265007 0.00013990362194932378
0 1.0 0.051589302393040985 -0.6740362914129667 0.00025879917184265007 0.00013990362194932378
0 1.0 -0.018531362622851218 1.4229110969591483 0.00025879917184265007 0.00013990362194932378
0 1.0 -0.00040060107598692535 0.8871510542748122 0.00025879917184265007 0.00013990362194932378
0 1.0 0.024391828070252728 0.15618818330637185 0.00025879917184265007 0.00013990362194932378
0 1.0 0.02564825736171554 0.11959866387434742 0.00025879917184265007 0.00013990362194932378
0 1.0 0.025885531414801998 0.1126888360933352 0.00025879917184265007 0.00013990362194932378
0 1.0 0.02609982970550766 0.10644810195793426 0.00025879917184265007 0.00013990362194932378
0 1.0 0.026471671913871824 0.09561949300383331 0.00025879917184265007 0.00013990362194932378
0 1.0 0.026634013293545245 0.09089189620141463 0.00025879917184265007 0.00013990362194932378
0 1.0 0.026920727124971754 0.08254240825577776 0.00025879917184265007 0.00013990362194932378
0 1.0 0.027047948249583387 0.07883755997172323 0.00025879917184265007 0.00013990362194932378
0 1.0 0.027275744120177834 0.07220360480502298 0.00025879917184265007 0.00013990362194932378
0 1.0 0.02737811197925188 0.06922220944875493 0.00025879917184265007 0.00013990362194932378
0 1.0 0.007547380382717353 0.6522899385647493 0.00025879917184265007 0.00013990362194932378
0 1.0 0.027473802074459288 0.06643529949408011 0.00025879917184265007 0.00013990362194932378
0 1.0 0.027647654039984464 0.06137294271763129 0.00025879917184265007 0.00013990362194932378
0 1.0 0.027726891533217734 0.059065960135086616 0.00025879917184265007 0.00013990362194932378
0 1.0 0.027872393857222903 0.05482969124894823 0.00025879917184265007 0.00013990362194932378
0 1.0 0.027940984708326306 0.0528326833634053 0.00025879917184265007 0.00013990362194932378
0 1.0 0.028094587342336934 0.04836057569270563 0.00025879917184265007 0.00013990362194932378
0 1.0 0.0282358995916575 0.04424412582510476 0.00025879917184265007 0.00013990362194932378
0 1.0 0.028463242334295175 0.037623399024011336 0.00025879917184265007 0.00013990362194932378
0 1.0 0.028664441963993495 0.031764220018542906 0.00025879917184265007 0.00013990362194932378
0 1.0 0.028735589714391278 0.029692310611741025 0.00025879917184265007 0.00013990362194932378
0 1.0 0.012232049845930104 0.5138589793860388 0.00025879917184265007 0.00013990362194932378
0 1.0 0.015309552152119819 0.42291945857972735 0.00025879917184265007 0.00013990362194932378
0 1.0 0.01749119388734505 0.35845242192685384 0.00025879917184265007 0.00013990362194932378
0 1.0 0.02133812437693726 0.2451157934436181 0.00025879917184265007 0.00013990362194932378
0 1.0 0.02217733676852146 0.22067689567350743 0.00025879917184265007 0.00013990362194932378
0 1.0 0.022872997361839276 0.2004184029566695 0.00025879917184265007 0.00013990362194932378
0 1.0 0.023459046962174677 0.18335191726789857 0.00025879917184265007 0.00013990362194932378
0 1.0 0.02395949899775119 0.16877813802089447 0.00025879917184265007 0.00013990362194932378
0 1.0 0.024769061548930264 0.14520268009727283 0.00025879917184265007 0.00013990362194932378
0 1.0 0.028423242401043162 0.03547598028305238 0.00025879917184265007 0.00013990362194932378
0 1.0 0.028210356581473636 0.041301995320309745 0.00025879917184265007 0.00013990362194932378
0 1.0 0.02790332918816352 0.04970049621005468 0.00025879917184265007 0.00013990362194932378
0 1.0 0.028074108122608868 0.04502888173851411 0.00025879917184265007 0.00013990362194932378
0 1.0 0.02799550691838387 0.04717750996543139 0.00025879917184265007 0.00013990362194932378
0 1.0 0.02860598646501538 0.029076141986534593 0.00025879917184265007 0.00013990362194932378
0 1.0 0.028526115393550273 0.031197254147744158 0.00025879917184265007 0.00013990362194932378
0 1.0 0.026764426194283902 0.0808725867712291 0.00025879917184265007 0.00013990362194932378
0 1.0 0.027187894836686877 0.06672029743811712 0.00025879917184265007 0.00013990362194932378
0 1.0 0.025091819441202506 0.12664806283182536 0.00025879917184265007 0.00013990362194932378
0 1.0 0.02629433599412494 0.10078375074782889 0.00025879917184265007 0.00013990362194932378
0 1.0 0.02198408451207642 0.20486909286057073 0.00025879917184265007 0.00013990362194932378
0 1.0 0.026783185063717352 0.08654781593613926 0.00025879917184265007 0.00013990362194932378
0 1.0 0.027165969239009487 0.07540063185548056 0.00025879917184265007 0.00013990362194932378
0 1.0 0.027563451356804283 0.06382448573816002 0.00025879917184265007 0.00013990362194932378
0 1.0 0.027801785370206764 0.05688544217037776 0.00025879917184265007 0.00013990362194932378
0 1.0 0.02801122492340694 0.05078765460021421 0.00025879917184265007 0.00013990362194932378
0 1.0 0.028526315314348596 0.0326551989643828 0.00025879917184265007 0.00013990362194932378
0 1.0 0.028472555150529752 0.03412644549196893 0.00025879917184265007 0.00013990362194932378
0 1.0 0.6328112442661851 -33.75433457831327 0.00025879917184265007 0.00013990362194932378
0 1.0 0.008318350763102585 1.8813491310365313 0.00025879917184265007 0.00013990362194932378
0 1.0 0.01668800282927217 1.3667265401957112 0.00025879917184265007 0.00013990362194932378
0 1.0 0.024126471489795617 0.9093593780122438 0.00025879917184265007 0.00013990362194932378
0 1.0 0.06661479888408663 -1.4509193769830702 0.00025879917184265007 0.00013990362194932378
0 1.0 0.059713641328973166 -1.0809085986392337 0.00025879917184265007 0.00013990362194932378
0 1.0 0.06167433723816298 -1.2861179496087458 0.00025879917184265007 0.00013990362194932378
0 1.0 0.1042128768804985 -3.704365664264513 0.00025879917184265007 0.00013990362194932378
0 1.0 0.003568614655025386 2.0159802714397204 0.00025879917184265007 0.00013990362194932378
0 1.0 0.020025847327876427 1.0792932836646911 0.00025879917184265007 0.00013990362194932378
0 1.0 0.07172837237334549 -1.8576737127625458 0.00025879917184265007 0.00013990362194932378
0 1.0 0.02329404939499055 0.8932788782941429 0.00025879917184265007 0.00013990362194932378
0 1.0 0.028825491277592256 0.5784685467048938 0.00025879917184265007 0.00013990362194932378
0 1.0 0.034708727794993795 0.230537522535919 0.00025879917184265007 0.00013990362194932378
0 1.0 0.03427193203581741 0.2536358230269086 0.00025879917184265007 0.00013990362194932378
0 1.0 0.03399056882064512 0.2685146581681086 0.00025879917184265007 0.00013990362194932378
0 1.0 0.031873310829532715 0.38049168365365943 0.00025879917184265007 0.00013990362194932378
0 1.0 0.03119389162816359 0.416428964949487 0.00025879917184265007 0.00013990362194932378
0 1.0 0.030337237829722707 0.46174091442879506 0.00025879917184265007 0.00013990362194932378
0 1.0 0.028947570697266587 0.5352461355735709 0.00025879917184265007 0.00013990362194932378
0 1.0 0.013689231707717976 1.3420510312848157 0.00025879917184265007 0.00013990362194932378
0 1.0 0.11801939362975296 -4.164981446350148 0.00025879917184265007 0.00013990362194932378
0 1.0 0.02975695543111895 0.5254512948105683 0.00025879917184265007 0.00013990362194932378
0 1.0 0.03051608589975907 0.48224296400774685 0.00025879917184265007 0.00013990362194932378
0 1.0 0.0328712539018832 0.34819106866715477 0.00025879917184265007 0.00013990362194932378
0 1.0 0.03317417631469523 0.3309516784616777 0.00025879917184265007 0.00013990362194932378
0 1.0 0.03368363884194816 0.30199349907003936 0.00025879917184265007 0.00013990362194932378
0 1.0 0.03427354674878847 0.26844330822037066 0.00025879917184265007 0.00013990362194932378
0 1.0 0.03535324538305136 0.20699197157087662 0.00025879917184265007 0.00013990362194932378
0 1.0 0.035188509955705605 0.20516604791530021 0.00025879917184265007 0.00013990362194932378
0 1.0 0.02677740773737781 0.6950185451061461 0.00025879917184265007 0.00013990362194932378
0 1.0 0.031146653980183837 0.4463521713993263 0.00025879917184265007 0.00013990362194932378
0 1.0 0.02473960121185339 0.7577555272712235 0.00025879917184265007 0.00013990362194932378
0 1.0 0.08589719048160532 -2.297743094740441 0.00025879917184265007 0.00013990362194932378
0 1.0 0.06229580856148799 -1.1255264842711872 0.00025879917184265007 0.00013990362194932378
0 1.0 0.03252743943746279 0.36776036502287157 0.00025879917184265007 0.00013990362194932378
0 1.0 0.033443199581168634 0.315660222084959 0.00025879917184265007 0.00013990362194932378
0 1.0 0.03409524908980805 0.27859116718594545 0.00025879917184265007 0.00013990362194932378
0 1.0 0.03443729749819099 0.25912339050554434 0.00025879917184265007 0.00013990362194932378
0 1.0 0.03490022892213757 0.2204107058574078 0.00025879917184265007 0.00013990362194932378
0 1.0 0.03452364937961769 0.24032469826494712 0.00025879917184265007 0.00013990362194932378
0 1.0 0.03295361046802118 0.3233501840994678 0.00025879917184265007 0.00013990362194932378
0 1.0 0.027221035301520615 0.6265480792708605 0.00025879917184265007 0.00013990362194932378
0 1.0 0.0286175311730375 0.030158907922393476 0.00025879917184265007 0.00013990362194932378
0 1.0 0.028584288784652415 0.031068647495454307 0.00025879917184265007 0.00013990362194932378
0 1.0 0.028360782545010947 0.03718531001297244 0.00025879917184265007 0.00013990362194932378
0 1.0 0.028293516280012383 0.03902617603295563 0.00025879917184265007 0.00013990362194932378
0 1.0 0.0281363575685595 0.04332711546617832 0.00025879917184265007 0.00013990362194932378
0 1.0 0.027701333597983276 0.05522929469837837 0.00025879917184265007 0.00013990362194932378
0 1.0 0.027511291728829546 0.06043090923836741 0.00025879917184265007 0.00013990362194932378
0 1.0 0.02714157858898383 0.07055032831838493 0.00025879917184265007 0.00013990362194932378
0 1.0 0.02842624112875031 0.03384958513283199 0.00025879917184265007 0.00013990362194932378
0 1.0 0.02635448393376914 0.09209165161324204 0.00025879917184265007 0.00013990362194932378
0 1.0 0.025819913111140447 0.10672153508101408 0.00025879917184265007 0.00013990362194932378
0 1.0 0.02395981277721307 0.15762851074691517 0.00025879917184265007 0.00013990362194932378
0 1.0 0.0228567823639328 0.18781552475201033 0.00025879917184265007 0.00013990362194932378
0 1.0 0.021667614345761584 0.22035989631851324 0.00025879917184265007 0.00013990362194932378
0 1.0 0.020066905556689583 0.26419397942275064 0.00025879917184265007 0.00013990362194932378
0 1.0 0.016860663888654866 0.35283328972397326 0.00025879917184265007 0.00013990362194932378
0 1.0 0.00729235658336753 0.6181861077025157 0.00025879917184265007 0.00013990362194932378
0 1.0 -0.25466731310974117 7.641656325160294 0.00025879917184265007 0.00013990362194932378
0 1.0 0.0238925530671312 0.1649701822676128 0.00025879917184265007 0.00013990362194932378
0 1.0 0.028000786740310157 0.04901609702754854 0.00025879917184265007 0.00013990362194932378
0 1.0 0.0284091999254253 0.037492889257539457 0.00025879917184265007 0.00013990362194932378
0 1.0 0.028596049718265563 0.032218978254398255 0.00025879917184265007 0.00013990362194932378
0 1.0 0.02872596363496744 0.02855210539176215 0.00025879917184265007 0.00013990362194932378
0 1.0 0.028676184759326984 0.028553743818919685 0.00025879917184265007 0.00013990362194932378
0 1.0 -0.444571131500914 14.475896243660594 0.00025879917184265007 0.00013990362194932378
0 1.0 -0.041974970035728275 2.186145403145402 0.00025879917184265007 0.00013990362194932378
0 1.0 -0.008854091414401435 1.1750892013334724 0.00025879917184265007 0.00013990362194932378
0 1.0 0.0034314022800377964 0.8000591565663019 0.00025879917184265007 0.00013990362194932378
0 1.0 0.009837715019926592 0.6044984560044333 0.00025879917184265007 0.00013990362194932378
0 1.0 0.013770181509261747 0.48445500311427564 0.00025879917184265007 0.00013990362194932378
0 1.0 0.016429877618446064 0.40326445630328883 0.00025879917184265007 0.00013990362194932378
0 1.0 0.01834863042339134 0.3446921296037549 0.00025879917184265007 0.00013990362194932378
0 1.0 0.032133831924267234 0.3901637914946014 0.00025879917184265007 0.00013990362194932378
0 1.0 0.031678773974458084 0.4160648654760351 0.00025879917184265007 0.00013990362194932378
0 1.0 -0.049564624214033376 4.682694785884946 0.00025879917184265007 0.00013990362194932378
0 1.0 0.03389982804514425 0.28970516500463894 0.00025879917184265007 0.00013990362194932378
0 1.0 0.034889869270138825 0.2333651470165984 0.00025879917184265007 0.00013990362194932378
0 1.0 0.035328385557087276 0.1977692529506142 0.00025879917184265007 0.00013990362194932378
0 1.0 0.03504979356403669 0.21250154243529396 0.00025879917184265007 0.00013990362194932378
0 1.0 0.02159837158437086 0.9238500952153532 0.00025879917184265007 0.00013990362194932378
0 1.0 0.03369891497116436 0.2839374186592874 0.00025879917184265007 0.00013990362194932378
0 1.0 0.033366180224573085 0.3015324059646514 0.00025879917184265007 0.00013990362194932378
0 1.0 0.03241017571769003 0.3520946874182223 0.00025879917184265007 0.00013990362194932378
0 1.0 0.04064622955310039 -0.29103105853843114 0.00025879917184265007 0.00013990362194932378
0 1.0 0.03961396505250914 -0.26375811089023415 0.00025879917184265007 0.00013990362194932378
0 1.0 0.03876838411348028 -0.24141743689704778 0.00025879917184265007 0.00013990362194932378
0 1.0 0.03806304239810146 -0.2227819537756208 0.00025879917184265007 0.00013990362194932378
0 1.0 0.03746571661894661 -0.20700030605405517 0.00025879917184265007 0.00013990362194932378
