0 1.0 0.057806869396765125 -1.064126212178493 0.00025879917184265007 0.00013990362194932378
0 1.0 0.05640061697689547 -1.0708705998664516 0.00025879917184265007 0.00013990362194932378
0 1.0 0.06718499825924777 -1.7335499670190695 0.00025879917184265007 0.00013990362194932378
0 1.0 0.15372603787998396 -7.051329435966939 0.00025879917184265007 0.00013990362194932378
0 1.0 0.0887242764654108 -3.3258619433516685 0.00025879917184265007 0.00013990362194932378
0 1.0 0.02820498255509296 0.03972548291093395 0.00025879917184265007 0.00013990362194932378
0 1.0 0.028059410287722755 0.04359130809724231 0.00025879917184265007 0.00013990362194932378
0 1.0 0.026559982069808984 0.08646769640001564 0.00025879917184265007 0.00013990362194932378
0 1.0 0.025749555008203764 0.10864707955168912 0.00025879917184265007 0.00013990362194932378
0 1.0 0.02392677295642241 0.15853272292540552 0.00025879917184265007 0.00013990362194932378
0 1.0 0.023370158307572084 0.1680727144956589 0.00025879917184265007 0.00013990362194932378
0 1.0 0.0542174564755177 -0.8543213950864581 0.00025879917184265007 0.00013990362194932378
0 1.0 -0.018531362622851218 1.4229110969591483 0.00025879917184265007 0.00013990362194932378
0 1.0 -0.00040060107598692535 0.8871510542748122 0.00025879917184265007 0.00013990362194932378
0 1.0 0.024391828070252728 0.15618818330637185 0.00025879917184265007 0.00013990362194932378
0 1.0 0.02564825736171554 0.11959866387434742 0.00025879917184265007 0.00013990362194932378
0 1.0 0.025885531414801998 0.1126888360933352 0.00025879917184265007 0.00013990362194932378
0 1.0 0.02609982970550766 0.10644810195793426 0.00025879917184265007 0.00013990362194932378
0 1.0 0.026471671913871824 0.09561949300383331 0.00025879917184265007 0.00013990362194932378
0 1.0 0.02663402716071377 0.09089149237103089 0.00025879917184265007 0.00013990362194932378
0 1.0 0.026921055237251072 0.08253285318999183 0.00025879917184265007 0.00013990362194932378
0 1.0 0.02705309427407115 0.07868770089720699 0.00025879917184265007 0.00013990362194932378
0 1.0 0.02730912385819235 0.07123144228438327 0.00025879917184265007 0.00013990362194932378
0 1.0 0.027490261358009943 0.06595593388079804 0.00025879917184265007 0.00013990362194932378
0 1.0 0.007547380382717353 0.6522899385647493 0.00025879917184265007 0.00013990362194932378
0 1.0 0.027851565236511902 0.05543611206361544 0.00025879917184265007 0.00013990362194932378
0 1.0 0.028223209562464956 0.044613874023050636 0.00025879917184265007 0.00013990362194932378
0 1.0 0.028408519762578913 0.039216987162348886 0.00025879917184265007 0.00013990362194932378
0 1.0 0.028614607247328117 0.033215467846717806 0.00025879917184265007 0.00013990362194932378
0 1.0 0.028734446173997723 0.029725611904968745 0.00025879917184265007 0.00013990362194932378
0 1.0 0.012232049845930104 0.5138589793860388 0.00025879917184265007 0.00013990362194932378
0 1.0 0.015309552152119819 0.42291945857972735 0.00025879917184265007 0.00013990362194932378
0 1.0 0.01749119388734505 0.35845242192685384 0.00025879917184265007 0.00013990362194932378
0 1.0 0.02133812437693726 0.2451157934436181 0.00025879917184265007 0.00013990362194932378
0 1.0 0.02217733676852146 0.22067689567350743 0.00025879917184265007 0.00013990362194932378
0 1.0 0.022872997361839276 0.2004184029566695 0.00025879917184265007 0.00013990362194932378
0 1.0 0.023459046962174677 0.18335191726789857 0.00025879917184265007 0.00013990362194932378
0 1.0 0.02395949899775119 0.16877813802089447 0.00025879917184265007 0.00013990362194932378
0 1.0 0.024769061548930264 0.14520268009727283 0.00025879917184265007 0.00013990362194932378
0 1.0 0.028149764343081436 0.042960214231874023 0.00025879917184265007 0.00013990362194932378
0 1.0 0.027786440716698342 0.052899837362811855 0.00025879917184265007 0.00013990362194932378
0 1.0 0.026940124042322617 0.07606418876104741 0.00025879917184265007 0.00013990362194932378
0 1.0 0.027485078200507496 0.06114839676188855 0.00025879917184265007 0.00013990362194932378
0 1.0 0.027250310991425677 0.0675742054142581 0.00025879917184265007 0.00013990362194932378
0 1.0 0.027218486466427726 0.065908067328482 0.00025879917184265007 0.00013990362194932378
0 1.0 0.025681405954410673 0.10672314395642 0.00025879917184265007 0.00013990362194932378
0 1.0 0.02067852925571092 0.23952792945761112 0.00025879917184265007 0.00013990362194932378
0 1.0 0.02629433599412494 0.10078375074782889 0.00025879917184265007 0.00013990362194932378
0 1.0 0.02678330617322853 0.08654428906616371 0.00025879917184265007 0.00013990362194932378
0 1.0 0.027182256531521412 0.07492632424423368 0.00025879917184265007 0.00013990362194932378
0 1.0 0.028035627308867616 0.050077184393078684 0.00025879917184265007 0.00013990362194932378
0 1.0 0.02853067047939239 0.03406433372431285 0.00025879917184265007 0.00013990362194932378
0 1.0 0.02872636715537087 0.028540715865108892 0.00025879917184265007 0.00013990362194932378
0 1.0 0.028310817408917055 0.038552698572766046 0.00025879917184265007 0.00013990362194932378
0 1.0 0.028237119945149398 0.04056956626731853 0.00025879917184265007 0.00013990362194932378
0 1.0 -0.11492854516305004 8.753472510222783 0.00025879917184265007 0.00013990362194932378
0 1.0 0.008318350763102585 1.8813491310365313 0.00025879917184265007 0.00013990362194932378
0 1.0 0.01668800282927217 1.3667265401957112 0.00025879917184265007 0.00013990362194932378
0 1.0 0.024126471489795617 0.9093593780122438 0.00025879917184265007 0.00013990362194932378
0 1.0 0.05674714548599527 -0.9197797804532285 0.00025879917184265007 0.00013990362194932378
0 1.0 0.0517729526340361 -0.7103514578389643 0.00025879917184265007 0.00013990362194932378
0 1.0 0.06438264338406348 -1.4400808078304679 0.00025879917184265007 0.00013990362194932378
0 1.0 0.18049105696812442 -8.040657794317413 0.00025879917184265007 0.00013990362194932378
0 1.0 0.003568614655025386 2.0159802714397204 0.00025879917184265007 0.00013990362194932378
0 1.0 0.020025847327876427 1.0792932836646911 0.00025879917184265007 0.00013990362194932378
0 1.0 0.0882816952865063 -2.7987035563181344 0.00025879917184265007 0.00013990362194932378
0 1.0 0.02329404939499055 0.8932788782941429 0.00025879917184265007 0.00013990362194932378
0 1.0 0.028825505238619355 0.5784677520685247 0.00025879917184265007 0.00013990362194932378
0 1.0 0.033740887066156126 0.28171793756774294 0.00025879917184265007 0.00013990362194932378
0 1.0 0.03299218805754879 0.3213096564196873 0.00025879917184265007 0.00013990362194932378
0 1.0 0.03253531187202771 0.345475720557041 0.00025879917184265007 0.00013990362194932378
0 1.0 0.02362652321280363 0.8166102533704592 0.00025879917184265007 0.00013990362194932378
0 1.0 0.0011649470089301751 2.00393542739018 0.00025879917184265007 0.00013990362194932378
0 1.0 0.133660842625296 -4.990779027146846 0.00025879917184265007 0.00013990362194932378
0 1.0 0.10145073251064973 -3.0631753265201023 0.00025879917184265007 0.00013990362194932378
0 1.0 0.02975696727319513 0.5254506207810481 0.00025879917184265007 0.00013990362194932378
0 1.0 0.030516096830104287 0.48224234187230297 0.00025879917184265007 0.00013990362194932378
0 1.0 0.032903216788884124 0.346371799052775 0.00025879917184265007 0.00013990362194932378
0 1.0 0.03324321180813064 0.32702765638674336 0.00025879917184265007 0.00013990362194932378
0 1.0 0.0340635528969037 0.2803951644856195 0.00025879917184265007 0.00013990362194932378
0 1.0 0.035305184121706294 0.19899617357654503 0.00025879917184265007 0.00013990362194932378
0 1.0 0.034872886169461714 0.22185662446877233 0.00025879917184265007 0.00013990362194932378
0 1.0 0.03448688659515248 0.24226875981917162 0.00025879917184265007 0.00013990362194932378
0 1.0 0.02677740773737781 0.6950185451061461 0.00025879917184265007 0.00013990362194932378
0 1.0 0.031146893089159945 0.4463385617496523 0.00025879917184265007 0.00013990362194932378
0 1.0 0.061168280248587975 -1.0688453941155238 0.00025879917184265007 0.00013990362194932378
0 1.0 0.032533623027098967 0.36740840630485755 0.00025879917184265007 0.00013990362194932378
0 1.0 0.03353891948847823 0.3102194406752476 0.00025879917184265007 0.00013990362194932378
0 1.0 0.035375817024014544 0.20570730058626677 0.00025879917184265007 0.00013990362194932378
0 1.0 0.035157501278691 0.20680582514404844 0.00025879917184265007 0.00013990362194932378
0 1.0 0.03396814112452326 0.2697006625041393 0.00025879917184265007 0.00013990362194932378
0 1.0 0.03343252156638066 0.2980242810126178 0.00025879917184265007 0.00013990362194932378
0 1.0 0.030337394399117108 0.4617326328283381 0.00025879917184265007 0.00013990362194932378
0 1.0 0.07195095833869487 -1.6087516203004513 0.00025879917184265007 0.00013990362194932378
0 1.0 0.02842933090705659 0.035309357030924186 0.00025879917184265007 0.00013990362194932378
0 1.0 0.028367012606280502 0.037014812838887294 0.00025879917184265007 0.00013990362194932378
0 1.0 0.02804026116964011 0.045953974757745146 0.00025879917184265007 0.00013990362194932378
0 1.0 0.027913138117084443 0.04943201712424076 0.00025879917184265007 0.00013990362194932378
0 1.0 0.027645780869583022 0.056749822154088886 0.00025879917184265007 0.00013990362194932378
0 1.0 0.024880774142353217 0.1324242120315162 0.00025879917184265007 0.00013990362194932378
0 1.0 0.022832806403924495 0.18847168312429338 0.00025879917184265007 0.00013990362194932378
0 1.0 0.021734010108241466 0.21854282057179927 0.00025879917184265007 0.00013990362194932378
0 1.0 0.024767171958201446 0.13098552445432576 0.00025879917184265007 0.00013990362194932378
0 1.0 0.020138190472137663 0.26223037366979474 0.00025879917184265007 0.00013990362194932378
0 1.0 0.025380483843340247 0.12297921812512709 0.00025879917184265007 0.00013990362194932378
0 1.0 0.017612675838843336 0.3319781390929102 0.00025879917184265007 0.00013990362194932378
0 1.0 0.007019099617546222 0.6257641989572666 0.00025879917184265007 0.00013990362194932378
0 1.0 -0.14125087820896917 4.592414663157111 0.00025879917184265007 0.00013990362194932378
0 1.0 0.027039491678180417 0.07614420188787231 0.00025879917184265007 0.00013990362194932378
0 1.0 0.028226259597743046 0.0426564540248093 0.00025879917184265007 0.00013990362194932378
0 1.0 0.02867420505130469 0.028607922198346573 0.00025879917184265007 0.00013990362194932378
0 1.0 0.02863360365917199 0.029719054548904417 0.00025879917184265007 0.00013990362194932378
0 1.0 0.028589172417456905 0.03093499783192599 0.00025879917184265007 0.00013990362194932378
0 1.0 0.028539444746990748 0.03229588770467302 0.00025879917184265007 0.00013990362194932378
0 1.0 0.028482098561612785 0.033865272358930214 0.00025879917184265007 0.00013990362194932378
0 1.0 -0.444571131500914 14.475896243660594 0.00025879917184265007 0.00013990362194932378
0 1.0 -0.041974970035728275 2.186145403145402 0.00025879917184265007 0.00013990362194932378
0 1.0 -0.008854091414401435 1.1750892013334724 0.00025879917184265007 0.00013990362194932378
0 1.0 0.0034314022800377964 0.8000591565663019 0.00025879917184265007 0.00013990362194932378
0 1.0 0.009837715019926592 0.6044984560044333 0.00025879917184265007 0.00013990362194932378
0 1.0 0.013770181509261747 0.48445500311427564 0.00025879917184265007 0.00013990362194932378
0 1.0 0.016429877618446064 0.40326445630328883 0.00025879917184265007 0.00013990362194932378
0 1.0 0.01834863042339134 0.3446921296037549 0.00025879917184265007 0.00013990362194932378
0 1.0 0.032136447015761904 0.39001494522502156 0.00025879917184265007 0.00013990362194932378
0 1.0 0.031679372176110304 0.4160308169218742 0.00025879917184265007 0.00013990362194932378
0 1.0 0.06126637506553133 -1.1651737051169018 0.00025879917184265007 0.00013990362194932378
0 1.0 0.035123785082989904 0.22005176594247522 0.00025879917184265007 0.00013990362194932378
0 1.0 0.03500527262767172 0.21485586466643763 0.00025879917184265007 0.00013990362194932378
0 1.0 0.03469556304042503 0.23123369105525893 0.00025879917184265007 0.00013990362194932378
0 1.0 0.03422094885470775 0.2563318767603009 0.00025879917184265007 0.00013990362194932378
0 1.0 0.071513146966741 -1.7096625051707617 0.00025879917184265007 0.00013990362194932378
0 1.0 0.03193265836014337 0.37735254820168873 0.00025879917184265007 0.00013990362194932378
0 1.0 0.031203512888209745 0.41592005685857325 0.00025879917184265007 0.00013990362194932378
0 1.0 0.028139394980315466 0.5779851804383604 0.00025879917184265007 0.00013990362194932378
0 1.0 0.04064622955310039 -0.29103105853843114 0.00025879917184265007 0.00013990362194932378
0 1.0 0.03961396505250914 -0.26375811089023415 0.00025879917184265007 0.00013990362194932378
0 1.0 0.03876838411348028 -0.24141743689704778 0.00025879917184265007 0.00013990362194932378
0 1.0 0.03806304239810146 -0.2227819537756208 0.00025879917184265007 0.00013990362194932378
0 1.0 0.03746571661894661 -0.20700030605405517 0.00025879917184265007 0.00013990362194932378
