0 1.0 0.028595020673514472 0.029367357232345247 0.00025879917184265007 0.00013990362194932378
0 1.0 0.10572549594188208 -4.10178899208664 0.00025879917184265007 0.00013990362194932378
0 1.0 0.08937041431319835 -3.3689904865261835 0.00025879917184265007 0.00013990362194932378
0 1.0 0.027468595934535094 0.06159953100254712 0.00025879917184265007 0.00013990362194932378
0 1.0 0.027094481490569595 0.07183942660151635 0.00025879917184265007 0.00013990362194932378
0 1.0 0.02485663620362071 0.13308483451902672 0.00025879917184265007 0.00013990362194932378
0 1.0 0.01959582462128374 0.27717031851295604 0.00025879917184265007 0.00013990362194932378
0 1.0 0.011111639240793158 0.5122679569294493 0.00025879917184265007 0.00013990362194932378
0 1.0 -0.04257300753568867 2.0010759403906766 0.00025879917184265007 0.00013990362194932378
0 1.0 0.05558148165212907 -0.7446165127347146 0.00025879917184265007 0.00013990362194932378
0 1.0 0.07650894695592808 -2.1294417061227757 0.00025879917184265007 0.00013990362194932378
0 1.0 -0.018531362622851218 1.4229110969591483 0.00025879917184265007 0.00013990362194932378
0 1.0 -0.00040060107598692535 0.8871510542748122 0.00025879917184265007 0.00013990362194932378
0 1.0 0.024517239737009856 0.15253604121005332 0.00025879917184265007 0.00013990362194932378
0 1.0 0.0258808246025444 0.11282590654699207 0.00025879917184265007 0.00013990362194932378
0 1.0 0.026913174828155802 0.08276234117953259 0.00025879917184265007 0.00013990362194932378
0 1.0 0.027275210644919744 0.0722191419147324 0.00025879917184265007 0.00013990362194932378
0 1.0 0.02781754213341739 0.0564266873965842 0.00025879917184265007 0.00013990362194932378
0 1.0 0.02808193443928073 0.04872896224531109 0.00025879917184265007 0.00013990362194932378
0 1.0 0.0284055783137271 0.03930264574623412 0.00025879917184265007 0.00013990362194932378
0 1.0 0.02862428511743388 0.032933636446598594 0.00025879917184265007 0.00013990362194932378
0 1.0 0.028720392085254762 0.03013488413786092 0.00025879917184265007 0.00013990362194932378
0 1.0 0.02875975361255095 0.028988628378331 0.00025879917184265007 0.00013990362194932378
0 1.0 0.007547380382717353 0.6522899385647493 0.00025879917184265007 0.00013990362194932378
0 1.0 0.012232049845930104 0.5138589793860388 0.00025879917184265007 0.00013990362194932378
0 1.0 0.015309552152119819 0.42291945857972735 0.00025879917184265007 0.00013990362194932378
0 1.0 0.01749119388734505 0.35845242192685384 0.00025879917184265007 0.00013990362194932378
0 1.0 0.02133812437693726 0.2451157934436181 0.00025879917184265007 0.00013990362194932378
0 1.0 0.02217733676852146 0.22067689567350743 0.00025879917184265007 0.00013990362194932378
0 1.0 0.02287310753783629 0.20041519449602882 0.00025879917184265007 0.00013990362194932378
0 1.0 0.02346075502914225 0.18330217625546388 0.00025879917184265007 0.00013990362194932378
0 1.0 0.02398541100478563 0.16802354848279558 0.00025879917184265007 0.00013990362194932378
0 1.0 0.025174122692161526 0.13340680104526537 0.00025879917184265007 0.00013990362194932378
0 1.0 0.026570945030977428 0.08616766836178695 0.00025879917184265007 0.00013990362194932378
0 1.0 0.02360035826546458 0.16196155015669964 0.00025879917184265007 0.00013990362194932378
0 1.0 0.022506093621879282 0.19101121258272535 0.00025879917184265007 0.00013990362194932378
0 1.0 0.020638805467324276 0.24058248481556724 0.00025879917184265007 0.00013990362194932378
0 1.0 0.027597196832397784 0.0628419934702043 0.00025879917184265007 0.00013990362194932378
0 1.0 0.028117925886032943 0.04571139975316913 0.00025879917184265007 0.00013990362194932378
0 1.0 0.028669914907183416 0.030134103411020685 0.00025879917184265007 0.00013990362194932378
0 1.0 0.028658887565376264 0.029027113591800827 0.00025879917184265007 0.00013990362194932378
0 1.0 0.028560309054632284 0.03172489725398298 0.00025879917184265007 0.00013990362194932378
0 1.0 0.02850593571721035 0.03321292441373736 0.00025879917184265007 0.00013990362194932378
0 1.0 0.02792993321478885 0.04897232040157208 0.00025879917184265007 0.00013990362194932378
0 1.0 0.027763227397991933 0.053535206487744055 0.00025879917184265007 0.00013990362194932378
0 1.0 -0.007332715874955216 2.8436821407031765 0.00025879917184265007 0.00013990362194932378
0 1.0 0.010158684213036326 1.7681930332049371 0.00025879917184265007 0.00013990362194932378
0 1.0 0.01784994040564307 1.2952827906563085 0.00025879917184265007 0.00013990362194932378
0 1.0 0.024126471489795617 0.9093593780122438 0.00025879917184265007 0.00013990362194932378
0 1.0 0.06621374571119473 -1.4294926516094133 0.00025879917184265007 0.00013990362194932378
0 1.0 0.05229647908279031 -0.741184737253598 0.00025879917184265007 0.00013990362194932378
0 1.0 0.05862370686834743 -1.1113390854837912 0.00025879917184265007 0.00013990362194932378
0 1.0 0.29961057775872274 -14.812411393401161 0.00025879917184265007 0.00013990362194932378
0 1.0 0.004039957237864789 1.9891531327034209 0.00025879917184265007 0.00013990362194932378
0 1.0 0.016456227489626035 1.2824633135390737 0.00025879917184265007 0.00013990362194932378
0 1.0 0.02197170845233306 0.9685418085213272 0.00025879917184265007 0.00013990362194932378
0 1.0 -0.03290815546122744 4.090510882981157 0.00025879917184265007 0.00013990362194932378
0 1.0 0.0246251532757145 0.8175171928858853 0.00025879917184265007 0.00013990362194932378
0 1.0 0.029756365796017748 0.5254848557721635 0.00025879917184265007 0.00013990362194932378
0 1.0 0.03162743513405888 0.39349706238632476 0.00025879917184265007 0.00013990362194932378
0 1.0 0.02810877868707264 0.5796042005364204 0.00025879917184265007 0.00013990362194932378
0 1.0 -0.07252558464386326 5.894929380079124 0.00025879917184265007 0.00013990362194932378
0 1.0 0.030515592793742632 0.4822710307087424 0.00025879917184265007 0.00013990362194932378
0 1.0 0.031146241763099755 0.44637563404885594 0.00025879917184265007 0.00013990362194932378
0 1.0 0.03520078704983516 0.2156691783970976 0.00025879917184265007 0.00013990362194932378
0 1.0 0.03539246672709977 0.19843257222285576 0.00025879917184265007 0.00013990362194932378
0 1.0 0.035113934047085314 0.2091097142868523 0.00025879917184265007 0.00013990362194932378
0 1.0 0.03460593250856186 0.23597346454126147 0.00025879917184265007 0.00013990362194932378
0 1.0 0.033903331488692 0.27312787628012686 0.00025879917184265007 0.00013990362194932378
0 1.0 0.03321236305725611 0.3096662457094176 0.00025879917184265007 0.00013990362194932378
0 1.0 0.028824767300410056 0.5785097541743263 0.00025879917184265007 0.00013990362194932378
0 1.0 0.031678804681835065 0.41606311766777826 0.00025879917184265007 0.00013990362194932378
0 1.0 0.03461873582995881 0.2487967793079668 0.00025879917184265007 0.00013990362194932378
0 1.0 0.03523237983207742 0.20284615454259572 0.00025879917184265007 0.00013990362194932378
0 1.0 0.03477612022888793 0.22697372720090658 0.00025879917184265007 0.00013990362194932378
0 1.0 0.03440392696953678 0.246655767524339 0.00025879917184265007 0.00013990362194932378
0 1.0 0.03232200011996432 0.35675865813396035 0.00025879917184265007 0.00013990362194932378
0 1.0 0.03059234234704429 0.4482473852786809 0.00025879917184265007 0.00013990362194932378
0 1.0 0.062081712051716094 -1.1147638067990975 0.00025879917184265007 0.00013990362194932378
0 1.0 0.02338440730941883 0.17930973733496175 0.00025879917184265007 0.00013990362194932378
0 1.0 0.025947821004906252 0.10696555117052743 0.00025879917184265007 0.00013990362194932378
0 1.0 0.028111913383597295 0.04399560163608065 0.00025879917184265007 0.00013990362194932378
0 1.0 0.028031762660171648 0.04618625303078215 0.00025879917184265007 0.00013990362194932378
0 1.0 0.02569789360794833 0.11006093693921276 0.00025879917184265007 0.00013990362194932378
0 1.0 0.023866329650748044 0.1601868957323733 0.00025879917184265007 0.00013990362194932378
0 1.0 0.021981203355784632 0.21177779765338392 0.00025879917184265007 0.00013990362194932378
0 1.0 0.00916827643660799 0.5483415664327833 0.00025879917184265007 0.00013990362194932378
0 1.0 -0.05368363942345573 2.23813793981466 0.00025879917184265007 0.00013990362194932378
0 1.0 0.26676364666586116 -6.3772026505881945 0.00025879917184265007 0.00013990362194932378
0 1.0 0.028529006454958435 0.03411130148723284 0.00025879917184265007 0.00013990362194932378
0 1.0 0.028720037532395614 0.028074363287743914 0.00025879917184265007 0.00013990362194932378
0 1.0 0.028606873730408808 0.03045056859354126 0.00025879917184265007 0.00013990362194932378
0 1.0 0.02844894709637378 0.03477252365157208 0.00025879917184265007 0.00013990362194932378
0 1.0 0.02839440368693374 0.03626520514733122 0.00025879917184265007 0.00013990362194932378
0 1.0 0.02833450162888784 0.03790453599446681 0.00025879917184265007 0.00013990362194932378
0 1.0 0.028266246493391815 0.03977246428848862 0.00025879917184265007 0.00013990362194932378
0 1.0 0.028199117661488828 0.04160956919707829 0.00025879917184265007 0.00013990362194932378
0 1.0 -0.444571131500914 14.475896243660594 0.00025879917184265007 0.00013990362194932378
0 1.0 -0.041974970035728275 2.186145403145402 0.00025879917184265007 0.00013990362194932378
0 1.0 -0.008854091414401435 1.1750892013334724 0.00025879917184265007 0.00013990362194932378
0 1.0 0.0034314022800377964 0.8000591565663019 0.00025879917184265007 0.00013990362194932378
0 1.0 0.009837715019926592 0.6044984560044333 0.00025879917184265007 0.00013990362194932378
0 1.0 0.013770181509261747 0.48445500311427564 0.00025879917184265007 0.00013990362194932378
0 1.0 0.016429877618446064 0.40326445630328883 0.00025879917184265007 0.00013990362194932378
0 1.0 0.01834863042339134 0.3446921296037549 0.00025879917184265007 0.00013990362194932378
0 1.0 0.03302389095219869 0.3395032443270098 0.00025879917184265007 0.00013990362194932378
0 1.0 0.03217338936118673 0.38791225385945766 0.00025879917184265007 0.00013990362194932378
0 1.0 0.0349566882902503 0.21742506457586747 0.00025879917184265007 0.00013990362194932378
0 1.0 0.03417515286864375 0.2587536251980204 0.00025879917184265007 0.00013990362194932378
0 1.0 0.03355846331271843 0.29136449134312864 0.00025879917184265007 0.00013990362194932378
0 1.0 0.03280142296069632 0.3314000084927496 0.00025879917184265007 0.00013990362194932378
0 1.0 0.05957619964762389 -1.0734432870873087 0.00025879917184265007 0.00013990362194932378
0 1.0 0.08405954075347317 -2.3720552054735204 0.00025879917184265007 0.00013990362194932378
0 1.0 0.07233614120609014 -1.6278909325998372 0.00025879917184265007 0.00013990362194932378
0 1.0 0.04064622955310039 -0.29103105853843114 0.00025879917184265007 0.00013990362194932378
0 1.0 0.03961396505250914 -0.26375811089023415 0.00025879917184265007 0.00013990362194932378
0 1.0 0.03876838411348028 -0.24141743689704778 0.00025879917184265007 0.00013990362194932378
0 1.0 0.03806304239810146 -0.2227819537756208 0.00025879917184265007 0.00013990362194932378
0 1.0 0.03746571661894661 -0.20700030605405517 0.00025879917184265007 0.00013990362194932378
