0 1.0 0.060881362841482274 -1.2410386276884975 0.00025879917184265007 0.00013990362194932378
0 1.0 0.07388597387651456 -2.1453119554997615 0.00025879917184265007 0.00013990362194932378
0 1.0 0.13404991146910825 -5.842269531963796 0.00025879917184265007 0.00013990362194932378
0 1.0 0.10517872583773585 -4.424166945291111 0.00025879917184265007 0.00013990362194932378
0 1.0 0.028486675528575256 0.03224464684826041 0.00025879917184265007 0.00013990362194932378
0 1.0 0.028044490557413117 0.04583837861802652 0.00025879917184265007 0.00013990362194932378
0 1.0 0.027688244884626456 0.053439436037616556 0.00025879917184265007 0.00013990362194932378
0 1.0 0.02512747907560677 0.1256720857792754 0.00025879917184265007 0.00013990362194932378
0 1.0 0.024321487985713375 0.14773042049224475 0.00025879917184265007 0.00013990362194932378
0 1.0 0.022272145162175086 0.20381549282621372 0.00025879917184265007 0.00013990362194932378
0 1.0 0.016311233318532167 0.3563006004712666 0.00025879917184265007 0.00013990362194932378
0 1.0 0.05422744673430987 -0.8549097749887477 0.00025879917184265007 0.00013990362194932378
0 1.0 -0.018531362622851218 1.4229110969591483 0.00025879917184265007 0.00013990362194932378
0 1.0 -0.00040060107598692535 0.8871510542748122 0.00025879917184265007 0.00013990362194932378
0 1.0 0.024391828070252728 0.15618818330637185 0.00025879917184265007 0.00013990362194932378
0 1.0 0.02564825736171554 0.11959866387434742 0.00025879917184265007 0.00013990362194932378
0 1.0 0.025885531414801998 0.1126888360933352 0.00025879917184265007 0.00013990362194932378
0 1.0 0.02609982970550766 0.10644810195793426 0.00025879917184265007 0.00013990362194932378
0 1.0 0.026472226086221205 0.09560335476826945 0.00025879917184265007 0.00013990362194932378
0 1.0 0.026642773058258788 0.0906368002072013 0.00025879917184265007 0.00013990362194932378
0 1.0 0.026997404869557897 0.08030945039345462 0.00025879917184265007 0.00013990362194932378
0 1.0 0.02731229069940975 0.07113921015425018 0.00025879917184265007 0.00013990362194932378
0 1.0 0.027815406985143322 0.05648885177961082 0.00025879917184265007 0.00013990362194932378
0 1.0 0.028054388392643643 0.04953095947183405 0.00025879917184265007 0.00013990362194932378
0 1.0 0.007547380382717353 0.6522899385647493 0.00025879917184265007 0.00013990362194932378
0 1.0 0.028357808640201917 0.040693756995476976 0.00025879917184265007 0.00013990362194932378
0 1.0 0.02860150374622021 0.03359705780642428 0.00025879917184265007 0.00013990362194932378
0 1.0 0.02870778530118612 0.03050200909058666 0.00025879917184265007 0.00013990362194932378
0 1.0 0.02875975361255095 0.028988628378331 0.00025879917184265007 0.00013990362194932378
0 1.0 0.012232049845930104 0.5138589793860388 0.00025879917184265007 0.00013990362194932378
0 1.0 0.015309552152119819 0.42291945857972735 0.00025879917184265007 0.00013990362194932378
0 1.0 0.01749119388734505 0.35845242192685384 0.00025879917184265007 0.00013990362194932378
0 1.0 0.02133812437693726 0.2451157934436181 0.00025879917184265007 0.00013990362194932378
0 1.0 0.02217733676852146 0.22067689567350743 0.00025879917184265007 0.00013990362194932378
0 1.0 0.022872997361839276 0.2004184029566695 0.00025879917184265007 0.00013990362194932378
0 1.0 0.023459046962174677 0.18335191726789857 0.00025879917184265007 0.00013990362194932378
0 1.0 0.02395949899775119 0.16877813802089447 0.00025879917184265007 0.00013990362194932378
0 1.0 0.024769061548930264 0.14520268009727283 0.00025879917184265007 0.00013990362194932378
0 1.0 0.02795789115851513 0.048207086681011355 0.00025879917184265007 0.00013990362194932378
0 1.0 0.027410298894052547 0.06319517271435901 0.00025879917184265007 0.00013990362194932378
0 1.0 0.025881275270142567 0.10504218954661969 0.00025879917184265007 0.00013990362194932378
0 1.0 0.026712770955917706 0.08228625773048148 0.00025879917184265007 0.00013990362194932378
0 1.0 0.02627342653425407 0.09430998406801895 0.00025879917184265007 0.00013990362194932378
0 1.0 0.024838071975632536 0.1291030911006346 0.00025879917184265007 0.00013990362194932378
0 1.0 0.022289103974792217 0.19677168015770719 0.00025879917184265007 0.00013990362194932378
0 1.0 0.026294373589353968 0.1007826559247785 0.00025879917184265007 0.00013990362194932378
0 1.0 0.02681732506715367 0.08555361364831346 0.00025879917184265007 0.00013990362194932378
0 1.0 0.027571570447890027 0.06358810014648344 0.00025879917184265007 0.00013990362194932378
0 1.0 0.028383317030798376 0.03822344443071398 0.00025879917184265007 0.00013990362194932378
0 1.0 0.02873167599880392 0.028390871611230495 0.00025879917184265007 0.00013990362194932378
0 1.0 0.028668283991679932 0.028769962969686563 0.00025879917184265007 0.00013990362194932378
0 1.0 0.0282187213298613 0.04107307847658602 0.00025879917184265007 0.00013990362194932378
0 1.0 0.02813754189579147 0.043294704156320134 0.00025879917184265007 0.00013990362194932378
0 1.0 -0.0295821551474341 3.9013608126829395 0.00025879917184265007 0.00013990362194932378
0 1.0 0.008318350763102585 1.8813491310365313 0.00025879917184265007 0.00013990362194932378
0 1.0 0.01668800282927217 1.3667265401957112 0.00025879917184265007 0.00013990362194932378
0 1.0 0.024126471489795617 0.9093593780122438 0.00025879917184265007 0.00013990362194932378
0 1.0 0.05615116581825629 -0.8874084222553099 0.00025879917184265007 0.00013990362194932378
0 1.0 0.05177310616786423 -0.7103605002692628 0.00025879917184265007 0.00013990362194932378
0 1.0 0.07018640988620492 -1.7700156198433998 0.00025879917184265007 0.00013990362194932378
0 1.0 -0.6501288124431206 39.17874883882337 0.00025879917184265007 0.00013990362194932378
0 1.0 0.003568614655025386 2.0159802714397204 0.00025879917184265007 0.00013990362194932378
0 1.0 0.020025847327876427 1.0792932836646911 0.00025879917184265007 0.00013990362194932378
0 1.0 0.11241656637846194 -4.170732247297187 0.00025879917184265007 0.00013990362194932378
0 1.0 0.02329404939499055 0.8932788782941429 0.00025879917184265007 0.00013990362194932378
0 1.0 0.028825563803188126 0.578464418679386 0.00025879917184265007 0.00013990362194932378
0 1.0 0.033202507362353174 0.31018741408296086 0.00025879917184265007 0.00013990362194932378
0 1.0 0.032383680798381796 0.353496112880104 0.00025879917184265007 0.00013990362194932378
0 1.0 0.03178756684103688 0.3850270365371087 0.00025879917184265007 0.00013990362194932378
0 1.0 0.1420122627637503 -5.431696140933224 0.00025879917184265007 0.00013990362194932378
0 1.0 0.10441621045717707 -3.2091145858004113 0.00025879917184265007 0.00013990362194932378
0 1.0 0.029757592006976433 0.525415062066174 0.00025879917184265007 0.00013990362194932378
0 1.0 0.030521304807989067 0.48194591320746066 0.00025879917184265007 0.00013990362194932378
0 1.0 0.0331465839227667 0.3325200478560258 0.00025879917184265007 0.00013990362194932378
0 1.0 0.033580672376335836 0.30784617953822435 0.00025879917184265007 0.00013990362194932378
0 1.0 0.03517392415451288 0.21719808727170967 0.00025879917184265007 0.00013990362194932378
0 1.0 0.035103015225606896 0.2096871150839453 0.00025879917184265007 0.00013990362194932378
0 1.0 0.03460371362898633 0.2360908016401505 0.00025879917184265007 0.00013990362194932378
0 1.0 0.03418485173900876 0.2582407369260801 0.00025879917184265007 0.00013990362194932378
0 1.0 0.02677740773737781 0.6950185451061461 0.00025879917184265007 0.00013990362194932378
0 1.0 0.031167655031720067 0.44515682959779496 0.00025879917184265007 0.00013990362194932378
0 1.0 0.03278176478210824 0.35328462721897647 0.00025879917184265007 0.00013990362194932378
0 1.0 0.03467119430248296 0.2458110913086487 0.00025879917184265007 0.00013990362194932378
0 1.0 0.03524921359992834 0.2019559640587196 0.00025879917184265007 0.00013990362194932378
0 1.0 0.034960270130933 0.21723565240630668 0.00025879917184265007 0.00013990362194932378
0 1.0 0.033603195207271105 0.28899907226723776 0.00025879917184265007 0.00013990362194932378
0 1.0 0.03284415691743949 0.3291396334234719 0.00025879917184265007 0.00013990362194932378
0 1.0 0.02819022112060812 0.5752974434877085 0.00025879917184265007 0.00013990362194932378
0 1.0 0.02835129262841727 0.03744501917015771 0.00025879917184265007 0.00013990362194932378
0 1.0 0.028292384392169263 0.03905715224174132 0.00025879917184265007 0.00013990362194932378
0 1.0 0.02788361913851253 0.050239977753280346 0.00025879917184265007 0.00013990362194932378
0 1.0 0.027614746017865205 0.05759927357582399 0.00025879917184265007 0.00013990362194932378
0 1.0 0.027136282808484003 0.07069527953151751 0.00025879917184265007 0.00013990362194932378
0 1.0 0.023307948280186907 0.175468311412641 0.00025879917184265007 0.00013990362194932378
0 1.0 0.021112994635693813 0.23553836533781114 0.00025879917184265007 0.00013990362194932378
0 1.0 0.019440383431999383 0.28145208291719864 0.00025879917184265007 0.00013990362194932378
0 1.0 0.019994687253667102 0.2576820199041632 0.00025879917184265007 0.00013990362194932378
0 1.0 0.013793496234187104 0.43789343195789826 0.00025879917184265007 0.00013990362194932378
0 1.0 0.02707018525227559 0.07527757854067592 0.00025879917184265007 0.00013990362194932378
0 1.0 -0.05186175417510961 2.1891558993590046 0.00025879917184265007 0.00013990362194932378
0 1.0 0.26676364666586116 -6.3772026505881945 0.00025879917184265007 0.00013990362194932378
0 1.0 0.02794648116246852 0.05054909795418599 0.00025879917184265007 0.00013990362194932378
0 1.0 0.028599235816481237 0.03212904934315196 0.00025879917184265007 0.00013990362194932378
0 1.0 0.028620566901310394 0.030075829591471096 0.00025879917184265007 0.00013990362194932378
0 1.0 0.02857512672861618 0.031319384140794305 0.00025879917184265007 0.00013990362194932378
0 1.0 0.028523465080125956 0.032733200906806016 0.00025879917184265007 0.00013990362194932378
0 1.0 0.028473359054393056 0.03410444517271052 0.00025879917184265007 0.00013990362194932378
0 1.0 0.028409464756226136 0.0358530310703914 0.00025879917184265007 0.00013990362194932378
0 1.0 -0.444571131500914 14.475896243660594 0.00025879917184265007 0.00013990362194932378
0 1.0 -0.041974970035728275 2.186145403145402 0.00025879917184265007 0.00013990362194932378
0 1.0 -0.008854091414401435 1.1750892013334724 0.00025879917184265007 0.00013990362194932378
0 1.0 0.0034314022800377964 0.8000591565663019 0.00025879917184265007 0.00013990362194932378
0 1.0 0.009837715019926592 0.6044984560044333 0.00025879917184265007 0.00013990362194932378
0 1.0 0.013770181509261747 0.48445500311427564 0.00025879917184265007 0.00013990362194932378
0 1.0 0.016429877618446064 0.40326445630328883 0.00025879917184265007 0.00013990362194932378
0 1.0 0.01834863042339134 0.3446921296037549 0.00025879917184265007 0.00013990362194932378
0 1.0 0.032283985934923154 0.381617297272848 0.00025879917184265007 0.00013990362194932378
0 1.0 0.03174274619217888 0.4124236827549378 0.00025879917184265007 0.00013990362194932378
0 1.0 0.0671005476266098 -1.367061747739815 0.00025879917184265007 0.00013990362194932378
0 1.0 0.03542969078194743 0.2005217228454108 0.00025879917184265007 0.00013990362194932378
0 1.0 0.03479369947491488 0.22604411490819262 0.00025879917184265007 0.00013990362194932378
0 1.0 0.03443248039307472 0.24514582713899974 0.00025879917184265007 0.00013990362194932378
0 1.0 0.03392002833458928 0.2722449263986666 0.00025879917184265007 0.00013990362194932378
0 1.0 0.06621969758054681 -1.4298106370504706 0.00025879917184265007 0.00013990362194932378
0 1.0 0.031055442694105095 0.4237520995891046 0.00025879917184265007 0.00013990362194932378
0 1.0 0.029915706665703132 0.4840374347299631 0.00025879917184265007 0.00013990362194932378
0 1.0 -0.07707711208275703 5.722666912293696 0.00025879917184265007 0.00013990362194932378
0 1.0 0.04064622955310039 -0.29103105853843114 0.00025879917184265007 0.00013990362194932378
0 1.0 0.03961396505250914 -0.26375811089023415 0.00025879917184265007 0.00013990362194932378
0 1.0 0.03876838411348028 -0.24141743689704778 0.00025879917184265007 0.00013990362194932378
0 1.0 0.03806304239810146 -0.2227819537756208 0.00025879917184265007 0.00013990362194932378
0 1.0 0.03746571661894661 -0.20700030605405517 0.00025879917184265007 0.00013990362194932378
