0 1.0 0.06089549789033181 -1.24184218253228 0.00025879917184265007 0.00013990362194932378
0 1.0 0.06984875837133817 -1.8972328727982881 0.00025879917184265007 0.00013990362194932378
0 1.0 0.13686651561330615 -6.015344407835565 0.00025879917184265007 0.00013990362194932378
0 1.0 0.028535377329578147 0.03552273984011883 0.00025879917184265007 0.00013990362194932378
0 1.0 0.028723098833856223 0.030056060311979403 0.00025879917184265007 0.00013990362194932378
0 1.0 0.02875975361255095 0.028988628378331 0.00025879917184265007 0.00013990362194932378
0 1.0 0.024671929792646034 0.13351425484982346 0.00025879917184265007 0.00013990362194932378
0 1.0 0.02163010378748041 0.21426628997839267 0.00025879917184265007 0.00013990362194932378
0 1.0 0.13078034413152226 -5.2146835431613505 0.00025879917184265007 0.00013990362194932378
0 1.0 -0.006307127677265142 2.5777069741916043 0.00025879917184265007 0.00013990362194932378
0 1.0 0.020326952672418568 1.0621554413683094 0.00025879917184265007 0.00013990362194932378
0 1.0 0.025523000237606456 0.7664149460540204 0.00025879917184265007 0.00013990362194932378
0 1.0 0.025550521020387764 0.8217992198210646 0.00025879917184265007 0.00013990362194932378
0 1.0 0.019426103573295495 1.038710184908178 0.00025879917184265007 0.00013990362194932378
0 1.0 0.397371149079752 -17.62622626762916 0.00025879917184265007 0.00013990362194932378
0 1.0 0.09394521047635604 -2.6938081128878064 0.00025879917184265007 0.00013990362194932378
0 1.0 -0.013143021896286184 2.7597863077850624 0.00025879917184265007 0.00013990362194932378
0 1.0 0.06531776579671876 -1.277440922726521 0.00025879917184265007 0.00013990362194932378
0 1.0 0.01726170996535648 0.34171129048245474 0.00025879917184265007 0.00013990362194932378
0 1.0 -0.015730276958439763 1.217748133498786 0.00025879917184265007 0.00013990362194932378
0 1.0 1.1908943111263772 -31.222788086888368 0.00025879917184265007 0.00013990362194932378
0 1.0 0.014866829820064077 0.45097844325244474 0.00025879917184265007 0.00013990362194932378
0 1.0 0.019331004059457063 0.31470394696534926 0.00025879917184265007 0.00013990362194932378
0 1.0 0.06045838213555353 -1.1213600984460605 0.00025879917184265007 0.00013990362194932378
0 1.0 0.03803407782857389 -0.22201669527072648 0.00025879917184265007 0.00013990362194932378
