0 1.0 0.05783151619405943 -1.0655507870278593 0.00025879917184265007 0.00013990362194932378
0 1.0 0.05640061697689547 -1.0708705998664516 0.00025879917184265007 0.00013990362194932378
0 1.0 0.08161188189578893 -2.6200540573271778 0.00025879917184265007 0.00013990362194932378
0 1.0 0.1715262739989179 -8.145119510485674 0.00025879917184265007 0.00013990362194932378
0 1.0 0.10517872583773585 -4.424166945291111 0.00025879917184265007 0.00013990362194932378
0 1.0 0.02814117873518441 0.041419901877114626 0.00025879917184265007 0.00013990362194932378
0 1.0 0.02798384653178087 0.045594939762749295 0.00025879917184265007 0.00013990362194932378
0 1.0 0.026308220741888128 0.09335775613454635 0.00025879917184265007 0.00013990362194932378
0 1.0 0.025529939058625096 0.1146574786348448 0.00025879917184265007 0.00013990362194932378
0 1.0 0.02349207450948662 0.1704292653485831 0.00025879917184265007 0.00013990362194932378
0 1.0 0.022283785010941512 0.19691288375523291 0.00025879917184265007 0.00013990362194932378
0 1.0 0.0542174564755177 -0.8543213950864581 0.00025879917184265007 0.00013990362194932378
0 1.0 -0.018531362622851218 1.4229110969591483 0.00025879917184265007 0.00013990362194932378
0 1.0 -0.00040060107598692535 0.8871510542748122 0.00025879917184265007 0.00013990362194932378
0 1.0 0.024391828070252728 0.15618818330637185 0.00025879917184265007 0.00013990362194932378
0 1.0 0.02564825736171554 0.11959866387434742 0.00025879917184265007 0.00013990362194932378
0 1.0 0.025885531414801998 0.1126888360933352 0.00025879917184265007 0.00013990362194932378
0 1.0 0.02609982970550766 0.10644810195793426 0.00025879917184265007 0.00013990362194932378
0 1.0 0.026471671913871824 0.09561949300383331 0.00025879917184265007 0.00013990362194932378
0 1.0 0.026634105370167166 0.09088921480777178 0.00025879917184265007 0.00013990362194932378
0 1.0 0.02692587781145697 0.08239241341769792 0.00025879917184265007 0.00013990362194932378
0 1.0 0.02706503739552565 0.07833990132255293 0.00025879917184265007 0.00013990362194932378
0 1.0 0.027371400396389394 0.06941767980595888 0.00025879917184265007 0.00013990362194932378
0 1.0 0.027565381419474042 0.06376829237841766 0.00025879917184265007 0.00013990362194932378
0 1.0 0.007547380382717353 0.6522899385647493 0.00025879917184265007 0.00013990362194932378
0 1.0 0.027970850254327485 0.05196315441149768 0.00025879917184265007 0.00013990362194932378
0 1.0 0.02830949565677491 0.042100690092776914 0.00025879917184265007 0.00013990362194932378
0 1.0 0.028489286264118473 0.036864967971880096 0.00025879917184265007 0.00013990362194932378
0 1.0 0.028664945802474646 0.03174954762647488 0.00025879917184265007 0.00013990362194932378
0 1.0 0.028749938217295278 0.029274464678818536 0.00025879917184265007 0.00013990362194932378
0 1.0 0.012232049845930104 0.5138589793860388 0.00025879917184265007 0.00013990362194932378
0 1.0 0.015309552152119819 0.42291945857972735 0.00025879917184265007 0.00013990362194932378
0 1.0 0.01749119388734505 0.35845242192685384 0.00025879917184265007 0.00013990362194932378
0 1.0 0.02133812437693726 0.2451157934436181 0.00025879917184265007 0.00013990362194932378
0 1.0 0.02217733676852146 0.22067689567350743 0.00025879917184265007 0.00013990362194932378
0 1.0 0.022872997361839276 0.2004184029566695 0.00025879917184265007 0.00013990362194932378
0 1.0 0.023459046962174677 0.18335191726789857 0.00025879917184265007 0.00013990362194932378
0 1.0 0.02395949899775119 0.16877813802089447 0.00025879917184265007 0.00013990362194932378
0 1.0 0.024769061548930264 0.14520268009727283 0.00025879917184265007 0.00013990362194932378
0 1.0 0.02811539398958623 0.04390047093684093 0.00025879917184265007 0.00013990362194932378
0 1.0 0.02774264553248452 0.05409855040432511 0.00025879917184265007 0.00013990362194932378
0 1.0 0.02677220990371504 0.08065956667247247 0.00025879917184265007 0.00013990362194932378
0 1.0 0.02736771421593153 0.06436075313030332 0.00025879917184265007 0.00013990362194932378
0 1.0 0.02712991411746223 0.07086959746061264 0.00025879917184265007 0.00013990362194932378
0 1.0 0.026899779122906437 0.07436998003998932 0.00025879917184265007 0.00013990362194932378
0 1.0 0.025117811145377315 0.1216769903807844 0.00025879917184265007 0.00013990362194932378
0 1.0 0.02044019433623492 0.24585505424931417 0.00025879917184265007 0.00013990362194932378
0 1.0 0.02629433599412494 0.10078375074782889 0.00025879917184265007 0.00013990362194932378
0 1.0 0.02678353298647769 0.08653768396280889 0.00025879917184265007 0.00013990362194932378
0 1.0 0.027195831966478734 0.07453098953028213 0.00025879917184265007 0.00013990362194932378
0 1.0 0.028136082296811183 0.04715245901296966 0.00025879917184265007 0.00013990362194932378
0 1.0 0.02859312847223214 0.03230143160564004 0.00025879917184265007 0.00013990362194932378
0 1.0 0.028734021167267497 0.02828603396726171 0.00025879917184265007 0.00013990362194932378
0 1.0 0.028286308495438735 0.03922343041747186 0.00025879917184265007 0.00013990362194932378
0 1.0 0.02821629792558914 0.04113939942628334 0.00025879917184265007 0.00013990362194932378
0 1.0 -0.09887106407665501 7.8406304788132655 0.00025879917184265007 0.00013990362194932378
0 1.0 0.008318350763102585 1.8813491310365313 0.00025879917184265007 0.00013990362194932378
0 1.0 0.01668800282927217 1.3667265401957112 0.00025879917184265007 0.00013990362194932378
0 1.0 0.024126471489795617 0.9093593780122438 0.00025879917184265007 0.00013990362194932378
0 1.0 0.05664146388426256 -0.9140395561304816 0.00025879917184265007 0.00013990362194932378
0 1.0 0.0517729526340361 -0.7103514578389643 0.00025879917184265007 0.00013990362194932378
0 1.0 0.06504385632931031 -1.4776697026817645 0.00025879917184265007 0.00013990362194932378
0 1.0 0.19779173355308546 -9.024173494793954 0.00025879917184265007 0.00013990362194932378
0 1.0 0.003568614655025386 2.0159802714397204 0.00025879917184265007 0.00013990362194932378
0 1.0 0.020025847327876427 1.0792932836646911 0.00025879917184265007 0.00013990362194932378
0 1.0 0.08936167349040496 -2.8600985841074125 0.00025879917184265007 0.00013990362194932378
0 1.0 0.02329404939499055 0.8932788782941429 0.00025879917184265007 0.00013990362194932378
0 1.0 0.028825505238619355 0.5784677520685247 0.00025879917184265007 0.00013990362194932378
0 1.0 0.03368491444526613 0.2846777653708083 0.00025879917184265007 0.00013990362194932378
0 1.0 0.0328689309510051 0.3278292326999037 0.00025879917184265007 0.00013990362194932378
0 1.0 0.03235103298504341 0.3552229902619475 0.00025879917184265007 0.00013990362194932378
0 1.0 0.01697674073630623 1.1682218444789496 0.00025879917184265007 0.00013990362194932378
0 1.0 -0.05575080516326046 5.009297088759668 0.00025879917184265007 0.00013990362194932378
0 1.0 0.09422302993553658 -2.908641347933387 0.00025879917184265007 0.00013990362194932378
0 1.0 0.09394521047635604 -2.6938081128878064 0.00025879917184265007 0.00013990362194932378
0 1.0 0.02975696727319513 0.5254506207810481 0.00025879917184265007 0.00013990362194932378
0 1.0 0.030516122166182075 0.48224089978865875 0.00025879917184265007 0.00013990362194932378
0 1.0 0.03293520009412015 0.34455136726944374 0.00025879917184265007 0.00013990362194932378
0 1.0 0.03326808912079179 0.32561361385311716 0.00025879917184265007 0.00013990362194932378
0 1.0 0.03428356039569767 0.26787337882731743 0.00025879917184265007 0.00013990362194932378
0 1.0 0.03525826488797332 0.2014773207415605 0.00025879917184265007 0.00013990362194932378
0 1.0 0.0348214553455116 0.22457635010974233 0.00025879917184265007 0.00013990362194932378
0 1.0 0.03439940643605824 0.24689481893102774 0.00025879917184265007 0.00013990362194932378
0 1.0 0.02677740773737781 0.6950185451061461 0.00025879917184265007 0.00013990362194932378
0 1.0 0.031147163274675937 0.44632318327963155 0.00025879917184265007 0.00013990362194932378
0 1.0 0.032554782143671204 0.36620406772787145 0.00025879917184265007 0.00013990362194932378
0 1.0 0.033670450023263715 0.3027431600499905 0.00025879917184265007 0.00013990362194932378
0 1.0 0.03543850285074108 0.20213951998612328 0.00025879917184265007 0.00013990362194932378
0 1.0 0.03511582915149309 0.20900949881966158 0.00025879917184265007 0.00013990362194932378
0 1.0 0.03394969205786909 0.2706762719884451 0.00025879917184265007 0.00013990362194932378
0 1.0 0.03330887334856072 0.30456278907394996 0.00025879917184265007 0.00013990362194932378
0 1.0 0.03020116012858981 0.46893862478765735 0.00025879917184265007 0.00013990362194932378
0 1.0 0.0666152135504191 -1.3426638996206643 0.00025879917184265007 0.00013990362194932378
0 1.0 0.02841347169723652 0.03574337370276049 0.00025879917184265007 0.00013990362194932378
0 1.0 0.02835424800862025 0.037364139713094026 0.00025879917184265007 0.00013990362194932378
0 1.0 0.02798807284202366 0.04738098722998811 0.00025879917184265007 0.00013990362194932378
0 1.0 0.027868523884634715 0.050653148242527285 0.00025879917184265007 0.00013990362194932378
0 1.0 0.027592227989245578 0.05821561199430697 0.00025879917184265007 0.00013990362194932378
0 1.0 0.024588539902682723 0.14042191851389263 0.00025879917184265007 0.00013990362194932378
0 1.0 0.02250447523055777 0.19745723566155815 0.00025879917184265007 0.00013990362194932378
0 1.0 0.021247242725122475 0.2318643515418639 0.00025879917184265007 0.00013990362194932378
0 1.0 0.024008819188334352 0.15111805631528918 0.00025879917184265007 0.00013990362194932378
0 1.0 0.01963953535965243 0.2759662677430679 0.00025879917184265007 0.00013990362194932378
0 1.0 0.025849163741647557 0.10975023814887677 0.00025879917184265007 0.00013990362194932378
0 1.0 0.01579472346057074 0.3823944531946596 0.00025879917184265007 0.00013990362194932378
0 1.0 -0.004411171242669057 0.9427538697781535 0.00025879917184265007 0.00013990362194932378
0 1.0 1.2241062382070582 -32.11570269682502 0.00025879917184265007 0.00013990362194932378
0 1.0 0.027274956832472767 0.069501302042327 0.00025879917184265007 0.00013990362194932378
0 1.0 0.02831507546065156 0.04014959035893865 0.00025879917184265007 0.00013990362194932378
0 1.0 0.02866858692290214 0.0287616726953063 0.00025879917184265007 0.00013990362194932378
0 1.0 0.02862402359612621 0.02998123073083841 0.00025879917184265007 0.00013990362194932378
0 1.0 0.02857844270749278 0.031228636232655642 0.00025879917184265007 0.00013990362194932378
0 1.0 0.02852409274513873 0.032716023690351925 0.00025879917184265007 0.00013990362194932378
0 1.0 0.02847279816771579 0.03411979487623964 0.00025879917184265007 0.00013990362194932378
0 1.0 -0.444571131500914 14.475896243660594 0.00025879917184265007 0.00013990362194932378
0 1.0 -0.041974970035728275 2.186145403145402 0.00025879917184265007 0.00013990362194932378
0 1.0 -0.008854091414401435 1.1750892013334724 0.00025879917184265007 0.00013990362194932378
0 1.0 0.0034314022800377964 0.8000591565663019 0.00025879917184265007 0.00013990362194932378
0 1.0 0.009837715019926592 0.6044984560044333 0.00025879917184265007 0.00013990362194932378
0 1.0 0.013770181509261747 0.48445500311427564 0.00025879917184265007 0.00013990362194932378
0 1.0 0.016429877618446064 0.40326445630328883 0.00025879917184265007 0.00013990362194932378
0 1.0 0.01834863042339134 0.3446921296037549 0.00025879917184265007 0.00013990362194932378
0 1.0 0.032138574271390094 0.3898938656890521 0.00025879917184265007 0.00013990362194932378
0 1.0 0.03168018892608343 0.415984328993279 0.00025879917184265007 0.00013990362194932378
0 1.0 0.061256301959499236 -1.16463553788323 0.00025879917184265007 0.00013990362194932378
0 1.0 0.03524311504354729 0.2132600693098425 0.00025879917184265007 0.00013990362194932378
0 1.0 0.034986815782267956 0.2158318855006486 0.00025879917184265007 0.00013990362194932378
0 1.0 0.03463296446614468 0.2345439811591763 0.00025879917184265007 0.00013990362194932378
0 1.0 0.034162037144542905 0.259447200925517 0.00025879917184265007 0.00013990362194932378
0 1.0 0.06952022358728284 -1.6044451876486654 0.00025879917184265007 0.00013990362194932378
0 1.0 0.031728560629787565 0.38814811820155914 0.00025879917184265007 0.00013990362194932378
0 1.0 0.03102973230121492 0.4251120282158769 0.00025879917184265007 0.00013990362194932378
0 1.0 0.02623397323483405 0.6787396306512461 0.00025879917184265007 0.00013990362194932378
0 1.0 0.04064622955310039 -0.29103105853843114 0.00025879917184265007 0.00013990362194932378
0 1.0 0.03961396505250914 -0.26375811089023415 0.00025879917184265007 0.00013990362194932378
0 1.0 0.03876838411348028 -0.24141743689704778 0.00025879917184265007 0.00013990362194932378
0 1.0 0.03806304239810146 -0.2227819537756208 0.00025879917184265007 0.00013990362194932378
0 1.0 0.03746571661894661 -0.20700030605405517 0.00025879917184265007 0.00013990362194932378
