0 1.0 0.052014074075783547 -0.6680841718137 0.00025879917184265007 0.00013990362194932378
0 1.0 0.05825297334961182 -1.0899108390344796 0.00025879917184265007 0.00013990362194932378
0 1.0 0.05989443192157859 -1.2855587693472257 0.00025879917184265007 0.00013990362194932378
0 1.0 0.14615828310632867 -6.586305545131568 0.00025879917184265007 0.00013990362194932378
0 1.0 0.07389668966932464 -2.145970420237996 0.00025879917184265007 0.00013990362194932378
0 1.0 0.09553284749959698 -3.780321855907822 0.00025879917184265007 0.00013990362194932378
0 1.0 0.028417001085208154 0.03409497020614881 0.00025879917184265007 0.00013990362194932378
0 1.0 0.02784021784723004 0.049405832606106245 0.00025879917184265007 0.00013990362194932378
0 1.0 0.028292055223126385 0.037413120103139096 0.00025879917184265007 0.00013990362194932378
0 1.0 0.028502247707922913 0.03183110113784293 0.00025879917184265007 0.00013990362194932378
0 1.0 -0.11436734928551992 3.9921105393426775 0.00025879917184265007 0.00013990362194932378
0 1.0 -0.018531362622851218 1.4229110969591483 0.00025879917184265007 0.00013990362194932378
0 1.0 -0.00040060107598692535 0.8871510542748122 0.00025879917184265007 0.00013990362194932378
0 1.0 0.024391828070252728 0.15618818330637185 0.00025879917184265007 0.00013990362194932378
0 1.0 0.02564825736171554 0.11959866387434742 0.00025879917184265007 0.00013990362194932378
0 1.0 0.025885531414801998 0.1126888360933352 0.00025879917184265007 0.00013990362194932378
0 1.0 0.02609982970550766 0.10644810195793426 0.00025879917184265007 0.00013990362194932378
0 1.0 0.026471671913871824 0.09561949300383331 0.00025879917184265007 0.00013990362194932378
0 1.0 0.026634013293545245 0.09089189620141463 0.00025879917184265007 0.00013990362194932378
0 1.0 0.026920727124971754 0.08254240825577776 0.00025879917184265007 0.00013990362194932378
0 1.0 0.027047948249583387 0.07883755997172323 0.00025879917184265007 0.00013990362194932378
0 1.0 0.027275744120177834 0.07220360480502298 0.00025879917184265007 0.00013990362194932378
0 1.0 0.02737811197925188 0.06922220944875493 0.00025879917184265007 0.00013990362194932378
0 1.0 0.007547380382717353 0.6522899385647493 0.00025879917184265007 0.00013990362194932378
0 1.0 0.02747380049283738 0.06643534555775951 0.00025879917184265007 0.00013990362194932378
0 1.0 0.0276476317527539 0.06137359160555856 0.00025879917184265007 0.00013990362194932378
0 1.0 0.027726809047681142 0.05906836168375338 0.00025879917184265007 0.00013990362194932378
0 1.0 0.027871851024833676 0.054845495697272865 0.00025879917184265007 0.00013990362194932378
0 1.0 0.0279384812584044 0.05290557076973854 0.00025879917184265007 0.00013990362194932378
0 1.0 0.028061863941474224 0.04931331047458058 0.00025879917184265007 0.00013990362194932378
0 1.0 0.02811946547518187 0.04763625420274484 0.00025879917184265007 0.00013990362194932378
0 1.0 0.028182891119496442 0.04578862873837915 0.00025879917184265007 0.00013990362194932378
0 1.0 0.02835210982723026 0.040859713390971907 0.00025879917184265007 0.00013990362194932378
0 1.0 0.028497231299644123 0.036633598831591695 0.00025879917184265007 0.00013990362194932378
0 1.0 0.012232049845930104 0.5138589793860388 0.00025879917184265007 0.00013990362194932378
0 1.0 0.028680090898729565 0.03130850392204203 0.00025879917184265007 0.00013990362194932378
0 1.0 0.028752987462203682 0.02918566694207984 0.00025879917184265007 0.00013990362194932378
0 1.0 0.015309552152119819 0.42291945857972735 0.00025879917184265007 0.00013990362194932378
0 1.0 0.01749119388734505 0.35845242192685384 0.00025879917184265007 0.00013990362194932378
0 1.0 0.02133812437693726 0.2451157934436181 0.00025879917184265007 0.00013990362194932378
0 1.0 0.02217732610323337 0.22067720625982362 0.00025879917184265007 0.00013990362194932378
0 1.0 0.022872997361839276 0.2004184029566695 0.00025879917184265007 0.00013990362194932378
0 1.0 0.023459046962174677 0.18335191726789857 0.00025879917184265007 0.00013990362194932378
0 1.0 0.02395949899775119 0.16877813802089447 0.00025879917184265007 0.00013990362194932378
0 1.0 0.024769061548930264 0.14520268009727283 0.00025879917184265007 0.00013990362194932378
0 1.0 0.02847985506740433 0.033926669736270315 0.00025879917184265007 0.00013990362194932378
0 1.0 0.028315454232302757 0.03842580330644533 0.00025879917184265007 0.00013990362194932378
0 1.0 0.02798752232137138 0.04739605546859359 0.00025879917184265007 0.00013990362194932378
0 1.0 0.028180017942690556 0.04213226840340002 0.00025879917184265007 0.00013990362194932378
0 1.0 0.02809137674079259 0.04455690193731057 0.00025879917184265007 0.00013990362194932378
0 1.0 0.028722522654151088 0.028094912238880932 0.00025879917184265007 0.00013990362194932378
0 1.0 0.028619254164457292 0.030111755068619434 0.00025879917184265007 0.00013990362194932378
0 1.0 0.0275008927954147 0.06071553727055802 0.00025879917184265007 0.00013990362194932378
0 1.0 0.028018103321975022 0.04468659436969586 0.00025879917184265007 0.00013990362194932378
0 1.0 0.026731190978630113 0.0817821491056659 0.00025879917184265007 0.00013990362194932378
0 1.0 0.02629433599412494 0.10078375074782889 0.00025879917184265007 0.00013990362194932378
0 1.0 0.025468905124549805 0.11632784138450512 0.00025879917184265007 0.00013990362194932378
0 1.0 0.022361036839535484 0.19486206400554623 0.00025879917184265007 0.00013990362194932378
0 1.0 0.020667607971794125 0.23981785896680421 0.00025879917184265007 0.00013990362194932378
0 1.0 0.026783185063717352 0.08654781593613926 0.00025879917184265007 0.00013990362194932378
0 1.0 0.027165969239009487 0.07540063185548056 0.00025879917184265007 0.00013990362194932378
0 1.0 0.027563451356804283 0.06382448573816002 0.00025879917184265007 0.00013990362194932378
0 1.0 0.02780141711237907 0.05689616391787 0.00025879917184265007 0.00013990362194932378
0 1.0 0.02800174290528381 0.051063721519608314 0.00025879917184265007 0.00013990362194932378
0 1.0 0.028553214828851366 0.03191904389165436 0.00025879917184265007 0.00013990362194932378
0 1.0 0.028517673801081462 0.0328916899920179 0.00025879917184265007 0.00013990362194932378
0 1.0 0.23640003770873916 -11.218993629103993 0.00025879917184265007 0.00013990362194932378
0 1.0 0.0060479028436765175 1.8748680303103153 0.00025879917184265007 0.00013990362194932378
0 1.0 0.013956928604205958 1.534651381320594 0.00025879917184265007 0.00013990362194932378
0 1.0 0.024126471489795617 0.9093593780122438 0.00025879917184265007 0.00013990362194932378
0 1.0 0.07468319419622999 -1.8770266243050637 0.00025879917184265007 0.00013990362194932378
0 1.0 0.0632722527400324 -1.2723400186377434 0.00025879917184265007 0.00013990362194932378
0 1.0 0.053072344231808996 -0.7868795956216772 0.00025879917184265007 0.00013990362194932378
0 1.0 0.09109540139456104 -2.9586582332470153 0.00025879917184265007 0.00013990362194932378
0 1.0 -0.02638305754624357 3.7194277161505434 0.00025879917184265007 0.00013990362194932378
0 1.0 0.018642692147464782 1.1580175434062798 0.00025879917184265007 0.00013990362194932378
0 1.0 0.06840170112705175 -1.6685577909090803 0.00025879917184265007 0.00013990362194932378
0 1.0 0.022434738855417 0.9421877694107081 0.00025879917184265007 0.00013990362194932378
0 1.0 0.028825491277592256 0.5784685467048938 0.00025879917184265007 0.00013990362194932378
0 1.0 0.034951389897485294 0.21770525014460154 0.00025879917184265007 0.00013990362194932378
0 1.0 0.03457539918401921 0.23758810454281545 0.00025879917184265007 0.00013990362194932378
0 1.0 0.03440195472883324 0.24676006205434253 0.00025879917184265007 0.00013990362194932378
0 1.0 0.032605648363649875 0.34175533367410593 0.00025879917184265007 0.00013990362194932378
0 1.0 0.032166293464736276 0.36499462476146655 0.00025879917184265007 0.00013990362194932378
0 1.0 0.03140742102980445 0.40513451498952957 0.00025879917184265007 0.00013990362194932378
0 1.0 0.030469199647514034 0.4547609101005127 0.00025879917184265007 0.00013990362194932378
0 1.0 0.02267524810279593 0.8669095460456512 0.00025879917184265007 0.00013990362194932378
0 1.0 0.004122692119902376 1.8476858394212656 0.00025879917184265007 0.00013990362194932378
0 1.0 0.20543969831481534 -8.780377126251816 0.00025879917184265007 0.00013990362194932378
0 1.0 0.02975695543111895 0.5254512948105683 0.00025879917184265007 0.00013990362194932378
0 1.0 0.10246009952188027 -3.112849030596519 0.00025879917184265007 0.00013990362194932378
0 1.0 0.03051608589975907 0.48224296400774685 0.00025879917184265007 0.00013990362194932378
0 1.0 0.0328712539018832 0.34819106866715477 0.00025879917184265007 0.00013990362194932378
0 1.0 0.03317417631469523 0.3309516784616777 0.00025879917184265007 0.00013990362194932378
0 1.0 0.03368363884194816 0.30199349907003936 0.00025879917184265007 0.00013990362194932378
0 1.0 0.034272587359721884 0.2684979121057873 0.00025879917184265007 0.00013990362194932378
0 1.0 0.03475517521801347 0.24103129503158646 0.00025879917184265007 0.00013990362194932378
0 1.0 0.035390074376021666 0.19836311736134982 0.00025879917184265007 0.00013990362194932378
0 1.0 0.02677740773737781 0.6950185451061461 0.00025879917184265007 0.00013990362194932378
0 1.0 0.031146653980183837 0.4463521713993263 0.00025879917184265007 0.00013990362194932378
0 1.0 0.02799220872889002 0.5857685360956283 0.00025879917184265007 0.00013990362194932378
0 1.0 -0.04236644457714301 4.302663541210744 0.00025879917184265007 0.00013990362194932378
0 1.0 0.057754298882129816 -0.9744845382014377 0.00025879917184265007 0.00013990362194932378
0 1.0 0.03252743943746279 0.36776036502287157 0.00025879917184265007 0.00013990362194932378
0 1.0 0.033443199581168634 0.315660222084959 0.00025879917184265007 0.00013990362194932378
0 1.0 0.03409518764637772 0.2785946642552228 0.00025879917184265007 0.00013990362194932378
0 1.0 0.03443446034377277 0.25928486790835764 0.00025879917184265007 0.00013990362194932378
0 1.0 0.035092425901712666 0.21024709164087615 0.00025879917184265007 0.00013990362194932378
0 1.0 0.034774515518260996 0.22705858628546327 0.00025879917184265007 0.00013990362194932378
0 1.0 0.03350192752526681 0.2943540993498099 0.00025879917184265007 0.00013990362194932378
0 1.0 0.029356561469162636 0.5136129282879826 0.00025879917184265007 0.00013990362194932378
0 1.0 0.028652625102535724 0.02919849749493285 0.00025879917184265007 0.00013990362194932378
0 1.0 0.028586538266404157 0.03100708625789416 0.00025879917184265007 0.00013990362194932378
0 1.0 0.028435542008224842 0.035139378735153416 0.00025879917184265007 0.00013990362194932378
0 1.0 0.02837927839518599 0.03667913679079866 0.00025879917184265007 0.00013990362194932378
0 1.0 0.02824614790772174 0.04032249933816075 0.00025879917184265007 0.00013990362194932378
0 1.0 0.02782605491756294 0.051815561544409736 0.00025879917184265007 0.00013990362194932378
0 1.0 0.027728217094537492 0.05449346955003121 0.00025879917184265007 0.00013990362194932378
0 1.0 0.027623036286498162 0.05737236156925586 0.00025879917184265007 0.00013990362194932378
0 1.0 0.028539326415527266 0.03084641298756707 0.00025879917184265007 0.00013990362194932378
0 1.0 0.027299792042248753 0.06621985578739688 0.00025879917184265007 0.00013990362194932378
0 1.0 0.027058844844468577 0.07281483996777771 0.00025879917184265007 0.00013990362194932378
0 1.0 0.026187638862304147 0.09665777190780629 0.00025879917184265007 0.00013990362194932378
0 1.0 0.02463252093220174 0.13921827450003396 0.00025879917184265007 0.00013990362194932378
0 1.0 0.02373101100614487 0.1638902077812576 0.00025879917184265007 0.00013990362194932378
0 1.0 0.022032697769688435 0.21036853225599972 0.00025879917184265007 0.00013990362194932378
0 1.0 0.02103006828812312 0.2378078393118449 0.00025879917184265007 0.00013990362194932378
0 1.0 0.019182479401115716 0.288556276498275 0.00025879917184265007 0.00013990362194932378
0 1.0 0.014807341526777165 0.4097769953929495 0.00025879917184265007 0.00013990362194932378
0 1.0 -0.01302334225785536 1.1449712200596938 0.00025879917184265007 0.00013990362194932378
0 1.0 0.9884158109316948 -25.77908075299349 0.00025879917184265007 0.00013990362194932378
0 1.0 0.02716929493217541 0.07248151771237263 0.00025879917184265007 0.00013990362194932378
0 1.0 0.027739292607168623 0.0563978571403905 0.00025879917184265007 0.00013990362194932378
0 1.0 0.028161978259419605 0.04446976484105863 0.00025879917184265007 0.00013990362194932378
0 1.0 0.028553015005328322 0.033433650439080656 0.00025879917184265007 0.00013990362194932378
0 1.0 0.02868247152372692 0.029779687828619648 0.00025879917184265007 0.00013990362194932378
0 1.0 -0.444571131500914 14.475896243660594 0.00025879917184265007 0.00013990362194932378
0 1.0 -0.041974970035728275 2.186145403145402 0.00025879917184265007 0.00013990362194932378
0 1.0 -0.008854091414401435 1.1750892013334724 0.00025879917184265007 0.00013990362194932378
0 1.0 0.0034314022800377964 0.8000591565663019 0.00025879917184265007 0.00013990362194932378
0 1.0 0.009837715019926592 0.6044984560044333 0.00025879917184265007 0.00013990362194932378
0 1.0 0.013770181509261747 0.48445500311427564 0.00025879917184265007 0.00013990362194932378
0 1.0 0.016429877618446064 0.40326445630328883 0.00025879917184265007 0.00013990362194932378
0 1.0 0.01834863042339134 0.3446921296037549 0.00025879917184265007 0.00013990362194932378
0 1.0 0.032133831924267234 0.3901637914946014 0.00025879917184265007 0.00013990362194932378
0 1.0 0.031678773974458084 0.4160648654760351 0.00025879917184265007 0.00013990362194932378
0 1.0 0.016637066560580293 1.1861823383458583 0.00025879917184265007 0.00013990362194932378
0 1.0 0.06288058532209811 -1.1549233374675678 0.00025879917184265007 0.00013990362194932378
0 1.0 0.03389981815577339 0.2897057271228724 0.00025879917184265007 0.00013990362194932378
0 1.0 0.034582758728433784 0.2508444256671721 0.00025879917184265007 0.00013990362194932378
0 1.0 0.03529650128128451 0.21022157730519184 0.00025879917184265007 0.00013990362194932378
0 1.0 0.035237618502510414 0.20256912716471315 0.00025879917184265007 0.00013990362194932378
0 1.0 0.02585558999012538 0.6987468918197175 0.00025879917184265007 0.00013990362194932378
0 1.0 0.03413638950274155 0.2608034799753182 0.00025879917184265007 0.00013990362194932378
0 1.0 0.03386310721753148 0.2752549455480041 0.00025879917184265007 0.00013990362194932378
0 1.0 0.03309855110468868 0.31568461283559696 0.00025879917184265007 0.00013990362194932378
0 1.0 0.04064622955310039 -0.29103105853843114 0.00025879917184265007 0.00013990362194932378
0 1.0 0.03961396505250914 -0.26375811089023415 0.00025879917184265007 0.00013990362194932378
0 1.0 0.03876838411348028 -0.24141743689704778 0.00025879917184265007 0.00013990362194932378
0 1.0 0.03806304239810146 -0.2227819537756208 0.00025879917184265007 0.00013990362194932378
0 1.0 0.03746571661894661 -0.20700030605405517 0.00025879917184265007 0.00013990362194932378
