0 1.0 0.018625773766883177 0.3038912232988831 0.00025879917184265007 0.00013990362194932378
0 1.0 0.05653191987777494 -0.7696282598605813 0.00025879917184265007 0.00013990362194932378
0 1.0 0.0744265559634732 -2.0110611199328323 0.00025879917184265007 0.00013990362194932378
0 1.0 0.19690277643124796 -8.973637708977469 0.00025879917184265007 0.00013990362194932378
0 1.0 0.10588569164344319 -4.111632708045083 0.00025879917184265007 0.00013990362194932378
0 1.0 0.08883177214012718 -3.3330370869590893 0.00025879917184265007 0.00013990362194932378
0 1.0 -0.018531362622851218 1.4229110969591483 0.00025879917184265007 0.00013990362194932378
0 1.0 0.0020425337829475193 0.8149569529447077 0.00025879917184265007 0.00013990362194932378
0 1.0 0.014448638628330884 0.4483592651240066 0.00025879917184265007 0.00013990362194932378
0 1.0 0.025215942258708976 0.13218896379465736 0.00025879917184265007 0.00013990362194932378
0 1.0 0.027406666362923635 0.0683905821425856 0.00025879917184265007 0.00013990362194932378
0 1.0 0.028076893387703455 0.04887573137835577 0.00025879917184265007 0.00013990362194932378
0 1.0 0.02826035128824932 0.04353183413978079 0.00025879917184265007 0.00013990362194932378
0 1.0 0.028541681831979554 0.035339145028509995 0.00025879917184265007 0.00013990362194932378
0 1.0 0.028694994942675755 0.03087447995531304 0.00025879917184265007 0.00013990362194932378
0 1.0 0.02875172918106281 0.029222309626037907 0.00025879917184265007 0.00013990362194932378
0 1.0 0.028732815357414346 0.02825631461704204 0.00025879917184265007 0.00013990362194932378
0 1.0 0.02866863066796314 0.028760475530630623 0.00025879917184265007 0.00013990362194932378
0 1.0 0.02846476575525356 0.03433961673137781 0.00025879917184265007 0.00013990362194932378
0 1.0 0.028317762957951017 0.038362620749848204 0.00025879917184265007 0.00013990362194932378
0 1.0 0.027937533996861913 0.048764280253774134 0.00025879917184265007 0.00013990362194932378
0 1.0 0.027458206328600583 0.06188390373332666 0.00025879917184265007 0.00013990362194932378
0 1.0 0.026752692646227393 0.08119370378977607 0.00025879917184265007 0.00013990362194932378
0 1.0 0.025878379651983148 0.10149558849941726 0.00025879917184265007 0.00013990362194932378
0 1.0 0.06251579384196797 -1.2319253350973975 0.00025879917184265007 0.00013990362194932378
0 1.0 0.05218609382360306 -0.7346835575178366 0.00025879917184265007 0.00013990362194932378
0 1.0 0.058430377885559805 -1.1001647489870592 0.00025879917184265007 0.00013990362194932378
0 1.0 -0.07112470597375038 6.26329454682012 0.00025879917184265007 0.00013990362194932378
0 1.0 -0.003048970102765849 2.392415129298058 0.00025879917184265007 0.00013990362194932378
0 1.0 0.011991211640893396 1.5365960908325855 0.00025879917184265007 0.00013990362194932378
0 1.0 0.019142759948453276 1.129555467703608 0.00025879917184265007 0.00013990362194932378
0 1.0 0.02360195381749332 0.8757540567296684 0.00025879917184265007 0.00013990362194932378
0 1.0 0.024742815942679675 0.8714623690701906 0.00025879917184265007 0.00013990362194932378
0 1.0 0.03342065546418057 0.316941644268228 0.00025879917184265007 0.00013990362194932378
0 1.0 0.03536095153747643 0.20655337372994156 0.00025879917184265007 0.00013990362194932378
0 1.0 0.035315832902895306 0.1984330528442588 0.00025879917184265007 0.00013990362194932378
0 1.0 0.03518114598597983 0.20555546375086914 0.00025879917184265007 0.00013990362194932378
0 1.0 0.03275850071263271 0.33367034306587123 0.00025879917184265007 0.00013990362194932378
0 1.0 0.03154669543621765 0.39776771771548375 0.00025879917184265007 0.00013990362194932378
0 1.0 0.02434966860711351 0.7783734683936931 0.00025879917184265007 0.00013990362194932378
0 1.0 0.1550589746631596 -6.120503368892292 0.00025879917184265007 0.00013990362194932378
0 1.0 0.09394521047635604 -2.6938081128878064 0.00025879917184265007 0.00013990362194932378
0 1.0 0.03479249735726319 0.23890709549040723 0.00025879917184265007 0.00013990362194932378
0 1.0 0.03492693967203459 0.21899820833539901 0.00025879917184265007 0.00013990362194932378
0 1.0 0.033533596038369896 0.2926794708604874 0.00025879917184265007 0.00013990362194932378
0 1.0 0.029619791725782548 0.4996895953020143 0.00025879917184265007 0.00013990362194932378
0 1.0 -0.01658671481193349 2.941610707821229 0.00025879917184265007 0.00013990362194932378
0 1.0 0.07319223490461123 -1.798310734464175 0.00025879917184265007 0.00013990362194932378
0 1.0 0.028614727766762393 0.030235628331236865 0.00025879917184265007 0.00013990362194932378
0 1.0 0.02855385846601323 0.031901429567735645 0.00025879917184265007 0.00013990362194932378
0 1.0 0.4747854869634067 -11.969944677762753 0.00025879917184265007 0.00013990362194932378
0 1.0 0.028129077330402524 0.043526352677295294 0.00025879917184265007 0.00013990362194932378
0 1.0 0.02771973728548067 0.05472556944613688 0.00025879917184265007 0.00013990362194932378
0 1.0 0.02713669971489888 0.07068386835414696 0.00025879917184265007 0.00013990362194932378
0 1.0 0.026225043935047813 0.09563409131433821 0.00025879917184265007 0.00013990362194932378
0 1.0 0.025208435187823296 0.12345637860484754 0.00025879917184265007 0.00013990362194932378
0 1.0 0.023748693497540763 0.16340628493653236 0.00025879917184265007 0.00013990362194932378
0 1.0 0.015575402025157692 0.37608368956171606 0.00025879917184265007 0.00013990362194932378
0 1.0 -0.012049412623635588 1.1187867714026638 0.00025879917184265007 0.00013990362194932378
0 1.0 -0.444571131500914 14.475896243660594 0.00025879917184265007 0.00013990362194932378
0 1.0 -0.041974970035728275 2.186145403145402 0.00025879917184265007 0.00013990362194932378
0 1.0 -0.008854091414401435 1.1750892013334724 0.00025879917184265007 0.00013990362194932378
0 1.0 0.0034314022800377964 0.8000591565663019 0.00025879917184265007 0.00013990362194932378
0 1.0 0.009837715019926592 0.6044984560044333 0.00025879917184265007 0.00013990362194932378
0 1.0 0.013770181509261747 0.48445500311427564 0.00025879917184265007 0.00013990362194932378
0 1.0 0.01642994770916391 0.4032623166965516 0.00025879917184265007 0.00013990362194932378
0 1.0 0.018349626688076808 0.3446617173794769 0.00025879917184265007 0.00013990362194932378
0 1.0 0.03413810108160708 0.26071296956600226 0.00025879917184265007 0.00013990362194932378
0 1.0 0.034598099033126564 0.23638770841998885 0.00025879917184265007 0.00013990362194932378
0 1.0 0.009687996104185992 1.55361897684246 0.00025879917184265007 0.00013990362194932378
0 1.0 0.0644379999317412 -1.233214903975454 0.00025879917184265007 0.00013990362194932378
0 1.0 0.04064622955310039 -0.29103105853843114 0.00025879917184265007 0.00013990362194932378
0 1.0 0.03961396505250914 -0.26375811089023415 0.00025879917184265007 0.00013990362194932378
0 1.0 0.03876838411348028 -0.24141743689704778 0.00025879917184265007 0.00013990362194932378
0 1.0 0.03806304239810146 -0.2227819537756208 0.00025879917184265007 0.00013990362194932378
0 1.0 0.03746571661894661 -0.20700030605405517 0.00025879917184265007 0.00013990362194932378
