0 1.0 0.06087723425616443 -1.2408039242385493 0.00025879917184265007 0.00013990362194932378
0 1.0 0.06735364483607034 -1.7439129729139073 0.00025879917184265007 0.00013990362194932378
0 1.0 0.08586629961887791 -2.8814797961364267 0.00025879917184265007 0.00013990362194932378
0 1.0 0.1674583775311774 -7.895155141987645 0.00025879917184265007 0.00013990362194932378
0 1.0 0.09135703862492865 -3.501594098423255 0.00025879917184265007 0.00013990362194932378
0 1.0 0.027100978448753366 0.0772932500703783 0.00025879917184265007 0.00013990362194932378
0 1.0 0.027878047264230647 0.054665093519177574 0.00025879917184265007 0.00013990362194932378
0 1.0 0.028176574810683447 0.04597266643961994 0.00025879917184265007 0.00013990362194932378
0 1.0 0.02856230627261497 0.03473853612206326 0.00025879917184265007 0.00013990362194932378
0 1.0 0.02875307337800412 0.02918316496901507 0.00025879917184265007 0.00013990362194932378
0 1.0 0.027705393571084952 0.055118169633087674 0.00025879917184265007 0.00013990362194932378
0 1.0 0.027308117950327438 0.06599196672053043 0.00025879917184265007 0.00013990362194932378
0 1.0 0.026052117872365485 0.10036663269143578 0.00025879917184265007 0.00013990362194932378
0 1.0 0.023953360417594136 0.15259033139792968 0.00025879917184265007 0.00013990362194932378
0 1.0 0.022085333006084056 0.20218122883306366 0.00025879917184265007 0.00013990362194932378
0 1.0 0.02044019433623492 0.24585505424931417 0.00025879917184265007 0.00013990362194932378
0 1.0 0.06984708049273752 -1.7507252883659379 0.00025879917184265007 0.00013990362194932378
0 1.0 0.09039994226117591 -2.9191224975568586 0.00025879917184265007 0.00013990362194932378
0 1.0 0.18585710625173193 -8.345709084886444 0.00025879917184265007 0.00013990362194932378
0 1.0 0.003654080278582756 2.011115872966436 0.00025879917184265007 0.00013990362194932378
0 1.0 0.013908586712759314 1.4274659402050214 0.00025879917184265007 0.00013990362194932378
0 1.0 0.025550521020387764 0.8217992198210646 0.00025879917184265007 0.00013990362194932378
0 1.0 0.034598457274840164 0.23636876415467803 0.00025879917184265007 0.00013990362194932378
0 1.0 0.032859933532112674 0.328305143261487 0.00025879917184265007 0.00013990362194932378
0 1.0 0.029858936668544136 0.48704023381623307 0.00025879917184265007 0.00013990362194932378
0 1.0 0.023561362493748062 0.8200556689439551 0.00025879917184265007 0.00013990362194932378
0 1.0 0.09394521047635604 -2.6938081128878064 0.00025879917184265007 0.00013990362194932378
0 1.0 0.03408982839462178 0.2632656890145529 0.00025879917184265007 0.00013990362194932378
0 1.0 -0.0004330587351704296 2.08835370202832 0.00025879917184265007 0.00013990362194932378
0 1.0 0.10162714921508122 -3.2995452719061675 0.00025879917184265007 0.00013990362194932378
0 1.0 0.06676311431598966 -1.3500989028320936 0.00025879917184265007 0.00013990362194932378
0 1.0 0.027042611656910426 0.07325915978610083 0.00025879917184265007 0.00013990362194932378
0 1.0 0.026309508746124814 0.09332250677277062 0.00025879917184265007 0.00013990362194932378
0 1.0 0.02412339454113961 0.15315171215716147 0.00025879917184265007 0.00013990362194932378
0 1.0 0.01997067699668781 0.26684467982451776 0.00025879917184265007 0.00013990362194932378
0 1.0 -0.008352700565789692 1.019399337570212 0.00025879917184265007 0.00013990362194932378
0 1.0 1.077411752641418 -28.171768668531612 0.00025879917184265007 0.00013990362194932378
0 1.0 -0.444571131500914 14.475896243660594 0.00025879917184265007 0.00013990362194932378
0 1.0 -0.04192483756811929 2.1846150469351167 0.00025879917184265007 0.00013990362194932378
0 1.0 -0.007172082782747584 1.1237437863166202 0.00025879917184265007 0.00013990362194932378
0 1.0 0.013357945187230602 0.49703903190067805 0.00025879917184265007 0.00013990362194932378
0 1.0 0.01911584630218607 0.321271906328502 0.00025879917184265007 0.00013990362194932378
0 1.0 -0.04605584861689742 4.4974473449030485 0.00025879917184265007 0.00013990362194932378
0 1.0 0.6443195869552062 -29.779232546490643 0.00025879917184265007 0.00013990362194932378
0 1.0 0.04064622955310039 -0.29103105853843114 0.00025879917184265007 0.00013990362194932378
0 1.0 0.039609734350860765 -0.2636463336233557 0.00025879917184265007 0.00013990362194932378
0 1.0 0.03870920134715544 -0.23985379842383878 0.00025879917184265007 0.00013990362194932378
0 1.0 0.03771177344880265 -0.2135012513401722 0.00025879917184265007 0.00013990362194932378
