0 1.0 0.028340730548842247 0.03612046403338985 0.00025879917184265007 0.00013990362194932378
0 1.0 0.13323372802266165 -5.792116638106428 0.00025879917184265007 0.00013990362194932378
0 1.0 0.08994411493015754 -3.4072839743825414 0.00025879917184265007 0.00013990362194932378
0 1.0 0.02669656625083946 0.08272973881191531 0.00025879917184265007 0.00013990362194932378
0 1.0 0.026085788494462168 0.0994451544030075 0.00025879917184265007 0.00013990362194932378
0 1.0 0.022927985245402058 0.18586689092085112 0.00025879917184265007 0.00013990362194932378
0 1.0 0.012565757656052712 0.47194165815449224 0.00025879917184265007 0.00013990362194932378
0 1.0 0.1466484235346427 -3.246502168717444 0.00025879917184265007 0.00013990362194932378
0 1.0 0.05605902353242472 -0.7571835122825813 0.00025879917184265007 0.00013990362194932378
0 1.0 0.05252047559925291 -0.7543770930484788 0.00025879917184265007 0.00013990362194932378
0 1.0 0.13782319475381763 -5.6150582989763285 0.00025879917184265007 0.00013990362194932378
0 1.0 -0.018531362622851218 1.4229110969591483 0.00025879917184265007 0.00013990362194932378
0 1.0 -0.00040060107598692535 0.8871510542748122 0.00025879917184265007 0.00013990362194932378
0 1.0 0.025566769602426796 0.12197180669200418 0.00025879917184265007 0.00013990362194932378
0 1.0 0.026758829230302022 0.08725709018529375 0.00025879917184265007 0.00013990362194932378
0 1.0 0.027472190709568883 0.06648222941764188 0.00025879917184265007 0.00013990362194932378
0 1.0 0.02773099989971364 0.058946345927695584 0.00025879917184265007 0.00013990362194932378
0 1.0 0.028153217777524043 0.046653218138045384 0.00025879917184265007 0.00013990362194932378
0 1.0 0.028351456064914134 0.04087875174826378 0.00025879917184265007 0.00013990362194932378
0 1.0 0.02861890885432617 0.03309019979602319 0.00025879917184265007 0.00013990362194932378
0 1.0 0.02872045152551762 0.030133153164793224 0.00025879917184265007 0.00013990362194932378
0 1.0 0.02875975361255095 0.028988628378331 0.00025879917184265007 0.00013990362194932378
0 1.0 0.007547380382717353 0.6522899385647493 0.00025879917184265007 0.00013990362194932378
0 1.0 0.012232049845930104 0.5138589793860388 0.00025879917184265007 0.00013990362194932378
0 1.0 0.015309552152119819 0.42291945857972735 0.00025879917184265007 0.00013990362194932378
0 1.0 0.01749119388734505 0.35845242192685384 0.00025879917184265007 0.00013990362194932378
0 1.0 0.02133815102282247 0.24511501748264422 0.00025879917184265007 0.00013990362194932378
0 1.0 0.022178970449920402 0.220629320860388 0.00025879917184265007 0.00013990362194932378
0 1.0 0.02288298620172003 0.20012751564478506 0.00025879917184265007 0.00013990362194932378
0 1.0 0.02356723047075808 0.18020148034252054 0.00025879917184265007 0.00013990362194932378
0 1.0 0.02472443743443417 0.14650218923606573 0.00025879917184265007 0.00013990362194932378
0 1.0 0.02622043617022202 0.10293583464672812 0.00025879917184265007 0.00013990362194932378
0 1.0 0.025106730076692577 0.12623997008717538 0.00025879917184265007 0.00013990362194932378
0 1.0 0.022568331581334044 0.18935896902094732 0.00025879917184265007 0.00013990362194932378
0 1.0 0.020732167189747047 0.2381039924912548 0.00025879917184265007 0.00013990362194932378
0 1.0 0.028006201064734382 0.050933923165533454 0.00025879917184265007 0.00013990362194932378
0 1.0 0.028411055734199192 0.03744050830402802 0.00025879917184265007 0.00013990362194932378
0 1.0 0.028734198132418027 0.02829039559133645 0.00025879917184265007 0.00013990362194932378
0 1.0 0.028611966756218545 0.030311188502313634 0.00025879917184265007 0.00013990362194932378
0 1.0 0.028515520818893216 0.03295061034016052 0.00025879917184265007 0.00013990362194932378
0 1.0 0.0284648483312642 0.034337356885791745 0.00025879917184265007 0.00013990362194932378
0 1.0 0.027739757250475904 0.054177605245021486 0.00025879917184265007 0.00013990362194932378
0 1.0 0.02733714595941426 0.065197438863476 0.00025879917184265007 0.00013990362194932378
0 1.0 0.39914236617598403 -19.00699964435696 0.00025879917184265007 0.00013990362194932378
0 1.0 -0.005594319276603745 2.7367938072002356 0.00025879917184265007 0.00013990362194932378
0 1.0 0.010522452075004608 1.7458261345440722 0.00025879917184265007 0.00013990362194932378
0 1.0 0.01823712461241069 1.271476097373946 0.00025879917184265007 0.00013990362194932378
0 1.0 0.024126471489795617 0.9093593780122438 0.00025879917184265007 0.00013990362194932378
0 1.0 0.06621374571119473 -1.4294926516094133 0.00025879917184265007 0.00013990362194932378
0 1.0 0.05951447491532907 -1.162825115948424 0.00025879917184265007 0.00013990362194932378
0 1.0 0.07748665005853626 -2.185022558530342 0.00025879917184265007 0.00013990362194932378
0 1.0 -0.11706393545167554 8.874866021349007 0.00025879917184265007 0.00013990362194932378
0 1.0 0.011433939337763158 1.568314042772989 0.00025879917184265007 0.00013990362194932378
0 1.0 0.0180106684242205 1.1939900795729872 0.00025879917184265007 0.00013990362194932378
0 1.0 0.022012454672424353 0.9662226789982036 0.00025879917184265007 0.00013990362194932378
0 1.0 -0.06528052327031038 6.405049699947628 0.00025879917184265007 0.00013990362194932378
0 1.0 0.024731824714004445 0.8114458350701653 0.00025879917184265007 0.00013990362194932378
0 1.0 0.029756365796017748 0.5254848557721635 0.00025879917184265007 0.00013990362194932378
0 1.0 0.029960149215629492 0.48168668512649454 0.00025879917184265007 0.00013990362194932378
0 1.0 0.01114064710126035 1.4768091067133526 0.00025879917184265007 0.00013990362194932378
0 1.0 0.08677058005300935 -2.515185787278293 0.00025879917184265007 0.00013990362194932378
0 1.0 0.030515592793742632 0.4822710307087424 0.00025879917184265007 0.00013990362194932378
0 1.0 0.031146241763099755 0.44637563404885594 0.00025879917184265007 0.00013990362194932378
0 1.0 0.03543540406504911 0.20231588820288293 0.00025879917184265007 0.00013990362194932378
0 1.0 0.03526336482489894 0.20120762976329876 0.00025879917184265007 0.00013990362194932378
0 1.0 0.034976647814410705 0.21636958022871283 0.00025879917184265007 0.00013990362194932378
0 1.0 0.03443451725473415 0.24503811537284811 0.00025879917184265007 0.00013990362194932378
0 1.0 0.03365428223219882 0.2862975943955066 0.00025879917184265007 0.00013990362194932378
0 1.0 0.03290085270841055 0.3261407594082673 0.00025879917184265007 0.00013990362194932378
0 1.0 0.028824767300410056 0.5785097541743263 0.00025879917184265007 0.00013990362194932378
0 1.0 0.031704133009431514 0.4146214751535051 0.00025879917184265007 0.00013990362194932378
0 1.0 0.035189772486595425 0.21629607521090707 0.00025879917184265007 0.00013990362194932378
0 1.0 0.03512508228598165 0.2085201816126819 0.00025879917184265007 0.00013990362194932378
0 1.0 0.03464816861877279 0.23373996674571973 0.00025879917184265007 0.00013990362194932378
0 1.0 0.03422911581009413 0.2558999980489178 0.00025879917184265007 0.00013990362194932378
0 1.0 0.031676960649017316 0.39087745381654165 0.00025879917184265007 0.00013990362194932378
0 1.0 0.02704461658455703 0.6358763341411715 0.00025879917184265007 0.00013990362194932378
0 1.0 0.02584294827249928 0.1099256751661813 0.00025879917184265007 0.00013990362194932378
0 1.0 0.027055930988283766 0.07568004317167999 0.00025879917184265007 0.00013990362194932378
0 1.0 0.02804675750189163 0.045776419288511914 0.00025879917184265007 0.00013990362194932378
0 1.0 0.027929375119087562 0.04898759597598867 0.00025879917184265007 0.00013990362194932378
0 1.0 0.024414472337437394 0.14518568564726436 0.00025879917184265007 0.00013990362194932378
0 1.0 0.02103488710796968 0.23767596100600213 0.00025879917184265007 0.00013990362194932378
0 1.0 0.013783459895641401 0.4242606984934486 0.00025879917184265007 0.00013990362194932378
0 1.0 -0.08029302576065735 2.953540866125304 0.00025879917184265007 0.00013990362194932378
0 1.0 0.26676364666586116 -6.3772026505881945 0.00025879917184265007 0.00013990362194932378
0 1.0 0.028669728160903855 0.0301393744003197 0.00025879917184265007 0.00013990362194932378
0 1.0 0.028662989471588785 0.02891485732539539 0.00025879917184265007 0.00013990362194932378
0 1.0 0.028569799928331217 0.031465161903838385 0.00025879917184265007 0.00013990362194932378
0 1.0 0.028411553461989644 0.0357958697657481 0.00025879917184265007 0.00013990362194932378
0 1.0 0.028346993500461083 0.03756267277513006 0.00025879917184265007 0.00013990362194932378
0 1.0 0.028285137100466623 0.03925548781206892 0.00025879917184265007 0.00013990362194932378
0 1.0 0.028202825796931442 0.0415080891976469 0.00025879917184265007 0.00013990362194932378
0 1.0 0.028133293299980704 0.043410974855471435 0.00025879917184265007 0.00013990362194932378
0 1.0 -0.444571131500914 14.475896243660594 0.00025879917184265007 0.00013990362194932378
0 1.0 -0.041974970035728275 2.186145403145402 0.00025879917184265007 0.00013990362194932378
0 1.0 -0.008854091414401435 1.1750892013334724 0.00025879917184265007 0.00013990362194932378
0 1.0 0.0034314022800377964 0.8000591565663019 0.00025879917184265007 0.00013990362194932378
0 1.0 0.009837715019926592 0.6044984560044333 0.00025879917184265007 0.00013990362194932378
0 1.0 0.013770181509261747 0.48445500311427564 0.00025879917184265007 0.00013990362194932378
0 1.0 0.016429877618446064 0.40326445630328883 0.00025879917184265007 0.00013990362194932378
0 1.0 0.01834863042339134 0.3446921296037549 0.00025879917184265007 0.00013990362194932378
0 1.0 0.0343260497812704 0.26545508407913254 0.00025879917184265007 0.00013990362194932378
0 1.0 0.0330246403635918 0.3394605891883755 0.00025879917184265007 0.00013990362194932378
0 1.0 0.03482079721010677 0.2246111531247096 0.00025879917184265007 0.00013990362194932378
0 1.0 0.03391795090098049 0.2723547836597269 0.00025879917184265007 0.00013990362194932378
0 1.0 0.03332988623129784 0.30345162948272575 0.00025879917184265007 0.00013990362194932378
0 1.0 0.0324325373903499 0.35091188640376 0.00025879917184265007 0.00013990362194932378
0 1.0 0.05896503218755414 -1.0402469855358112 0.00025879917184265007 0.00013990362194932378
0 1.0 0.0773042326498788 -1.8747499227661053 0.00025879917184265007 0.00013990362194932378
0 1.0 0.0628649976890446 -1.154139743810266 0.00025879917184265007 0.00013990362194932378
0 1.0 0.04064622955310039 -0.29103105853843114 0.00025879917184265007 0.00013990362194932378
0 1.0 0.03961396505250914 -0.26375811089023415 0.00025879917184265007 0.00013990362194932378
0 1.0 0.03876838411348028 -0.24141743689704778 0.00025879917184265007 0.00013990362194932378
0 1.0 0.03806304239810146 -0.2227819537756208 0.00025879917184265007 0.00013990362194932378
0 1.0 0.03746571661894661 -0.20700030605405517 0.00025879917184265007 0.00013990362194932378
