0 0.405469 0.175781 0.0078125 0.0286458 0.102173
7 0.89375 0.385417 0.025 0.0572917 0.102234
7 0.942969 0.358073 0.0421875 0.0546875 0.103027
7 0.980469 0.450521 0.0328125 0.0729167 0.104309
2 0.500781 0.0859375 0.0140625 0.0260417 0.105408
2 0.449219 0.0859375 0.0171875 0.0260417 0.106018
7 0.3625 0.923177 0.040625 0.0963542 0.108459
2 0.214062 0.171875 0.01875 0.0208333 0.108643
2 0.630469 0.0572917 0.0203125 0.015625 0.110535
0 0.769531 0.561198 0.0109375 0.0390625 0.112366
2 0.517187 0.0872396 0.015625 0.0286458 0.113525
2 0.579687 0.0729167 0.021875 0.0208333 0.114136
0 0.0875 0.372396 0.009375 0.03125 0.114441
2 0.419531 0.0885417 0.0140625 0.015625 0.116699
2 0.203125 0.125 0.015625 0.0208333 0.11853
2 0.241406 0.205729 0.0296875 0.03125 0.119202
2 0.66875 0.191406 0.03125 0.0338542 0.122253
2 0.178906 0.128906 0.0140625 0.0234375 0.124146
2 0.721094 0.19401 0.0296875 0.0338542 0.124329
0 0.828125 0.438802 0.009375 0.0390625 0.126587
5 0.111719 0.27474 0.0515625 0.0755208 0.134766
7 0.771875 0.348958 0.0375 0.046875 0.135254
2 0.864062 0.252604 0.028125 0.03125 0.136353
7 0.171094 0.55599 0.0484375 0.0546875 0.143188
2 0.548437 0.0846354 0.028125 0.0234375 0.150391
2 0.196875 0.14974 0.015625 0.0234375 0.15332
7 0.794531 0.322917 0.0390625 0.046875 0.153687
2 0.157813 0.0911458 0.021875 0.0260417 0.155029
2 0.971875 0.338542 0.03125 0.046875 0.157715
2 0.245312 0.173177 0.021875 0.0286458 0.15979
7 0.8625 0.690104 0.05 0.0729167 0.168945
2 0.841406 0.109375 0.0203125 0.0208333 0.179688
7 0.95 0.503906 0.04375 0.0598958 0.184692
0 0.154687 0.893229 0.0125 0.046875 0.185181
2 0.433594 0.0885417 0.0140625 0.0208333 0.208496
0 0.609375 0.671875 0.00625 0.0364583 0.209351
2 0.796094 0.136719 0.0234375 0.0286458 0.216675
2 0.467969 0.0820312 0.0171875 0.0234375 0.219971
2 0.379687 0.244792 0.028125 0.03125 0.224487
2 0.851562 0.268229 0.03125 0.0364583 0.224731
2 0.225 0.104167 0.021875 0.0208333 0.226074
0 0.660156 0.894531 0.0140625 0.0338542 0.233643
2 0.89375 0.385417 0.025 0.0520833 0.249512
2 0.526563 0.121094 0.01875 0.0286458 0.251465
2 0.801562 0.184896 0.021875 0.0260417 0.252197
2 0.978906 0.451823 0.0328125 0.0703125 0.261719
0 0.617969 0.690104 0.0109375 0.0364583 0.262207
0 0.303906 0.643229 0.0109375 0.0364583 0.279053
2 0.952344 0.292969 0.0296875 0.0390625 0.281982
0 0.421875 0.210938 0.00625 0.0260417 0.287842
7 0.7125 0.170573 0.040625 0.0703125 0.295654
7 0.921875 0.966146 0.08125 0.0677083 0.305908
0 0.166406 0.424479 0.0078125 0.0364583 0.318115
2 0.9875 0.309896 0.025 0.0416667 0.334717
2 0.314844 0.161458 0.0203125 0.0260417 0.336426
2 0.965625 0.744792 0.046875 0.0625 0.342529
0 0.788281 0.451823 0.0078125 0.0338542 0.3479
2 0.965625 0.414062 0.01875 0.046875 0.369873
2 0.832812 0.28125 0.040625 0.0416667 0.37207
2 0.914062 0.411458 0.028125 0.0416667 0.376709
2 0.73125 0.231771 0.03125 0.03125 0.385254
0 0.227344 0.471354 0.0109375 0.03125 0.405762
2 0.0046875 0.721354 0.009375 0.0364583 0.407471
2 0.635938 0.186198 0.028125 0.0286458 0.409668
2 0.794531 0.324219 0.0421875 0.0442708 0.416992
2 0.28125 0.213542 0.028125 0.0364583 0.444824
0 0.785156 0.451823 0.0109375 0.0338542 0.479492
2 0.995313 0.841146 0.009375 0.0520833 0.550781
2 0.95 0.502604 0.04375 0.0572917 0.563965
7 0.0992187 0.221354 0.0421875 0.0729167 0.576172
2 0.94375 0.359375 0.040625 0.0520833 0.586426
2 0.939062 0.424479 0.028125 0.046875 0.587891
2 0.257031 0.22526 0.0234375 0.0338542 0.594238
2 0.771094 0.348958 0.0390625 0.046875 0.640137
2 0.607813 0.315104 0.040625 0.0416667 0.649902
7 0.111719 0.27474 0.0515625 0.0755208 0.658691
2 0.170312 0.55599 0.046875 0.0546875 0.661133
2 0.861719 0.691406 0.0515625 0.0703125 0.697754
2 0.878125 0.65625 0.05 0.0729167 0.711914
7 0.403906 0.924479 0.123438 0.109375 0.718262
2 0.490625 0.385417 0.05 0.046875 0.769043
2 0.964063 0.684896 0.053125 0.0677083 0.816895
2 0.903125 0.61849 0.05625 0.0651042 0.847168
2 0.3 0.46224 0.05 0.0546875 0.854004
2 0.950781 0.783854 0.0546875 0.078125 0.873047
2 0.336719 0.494792 0.0546875 0.0625 0.893066
2 0.110937 0.647135 0.059375 0.0651042 0.927246
